h_realodd,d_realodd,a_realodd,AWAY_TEAM,DRAW,HOME_TEAM,winner
0.6525942636158556,0.2255881405091846,0.1218175958749597,0.0565476886659483,0.1653742770135788,0.7780780343204731,HOME_TEAM
0.6120211467677024,0.2386107762081674,0.1493680770241302,0.1416443270161374,0.2751888891265629,0.5831667838572997,DRAW
0.7505492714839244,0.1706399764652616,0.078810752050814,0.1191813958904827,0.2257993771440372,0.65501922696548,HOME_TEAM
0.1814866459294218,0.2286817547999571,0.589831599270621,0.3555377642843815,0.2765949859017716,0.367867249813847,AWAY_TEAM
0.8735156726746641,0.0852772556437007,0.0412070716816352,0.0811074729587364,0.1700741412043979,0.7488183858368657,HOME_TEAM
0.2502165453581725,0.2332936872180062,0.5164897674238212,0.561333399310071,0.246615745182763,0.1920508555071658,DRAW
0.7012727577214766,0.2033541472284026,0.0953730950501208,0.0860708885022396,0.1711297501981178,0.7427993612996426,HOME_TEAM
0.3930843819242575,0.2976033175451791,0.3093123005305633,0.2262564504486971,0.3095806110957869,0.464162938455516,HOME_TEAM
0.2756552774378367,0.2814672862994778,0.4428774362626855,0.4557795101108428,0.289841179673928,0.2543793102152291,DRAW
0.3842156544332575,0.329327703799935,0.2864566417668074,0.3021869488264543,0.2785508944417072,0.4192621567318385,AWAY_TEAM
0.5416902200363352,0.2359186116459951,0.2223911683176697,0.2307269254771876,0.2272844718038842,0.541988602718928,HOME_TEAM
0.5285048289324977,0.2783250282543923,0.19317014281311,0.1337525547458301,0.2292818023244469,0.636965642929723,HOME_TEAM
0.3617907339927121,0.2894325871941697,0.3487766788131182,0.2973826568089897,0.2890296145822698,0.4135877286087405,HOME_TEAM
0.3907637655417407,0.2901124925991711,0.3191237418590882,0.2253128726055598,0.2058220990004732,0.5688650283939669,HOME_TEAM
0.4029433383400977,0.2835080374548592,0.313548624205043,0.2331600768539116,0.2517478068361263,0.515092116309962,HOME_TEAM
0.3829633758483884,0.2944030951834486,0.3226335289681629,0.2753879530898128,0.2811059812169291,0.4435060656932582,AWAY_TEAM
0.648649669341032,0.2187132834267683,0.1326370472321998,0.07679034662818,0.1811789050946852,0.7420307482771347,HOME_TEAM
0.5601788669822004,0.2566857341966956,0.1831353988211039,0.1977525593004178,0.2736550006789553,0.5285924400206268,HOME_TEAM
0.5433128458677311,0.2861233330309353,0.1705638211013335,0.1972456826981597,0.325608044110665,0.4771462731911751,HOME_TEAM
0.4042735462055483,0.2874039074794606,0.308322546314991,0.2739259714276729,0.2280898905560243,0.4979841380163028,HOME_TEAM
0.4400345259294395,0.2862230654981765,0.2737424085723839,0.2150030872392985,0.2628080548575541,0.5221888579031473,HOME_TEAM
0.3274120423151364,0.2594585995704854,0.4131293581143782,0.3647518618793826,0.2350259051926998,0.4002222329279175,AWAY_TEAM
0.499750191966576,0.2620972474172531,0.2381525606161707,0.0687253248439443,0.1811643736984856,0.75011030145757,HOME_TEAM
0.0876103174883962,0.1666988122859415,0.7456908702256623,0.6857120057947684,0.2229342703601011,0.0913537238451303,HOME_TEAM
0.1257905687975113,0.2018499824890298,0.6723594487134588,0.6738022230255738,0.2009170734367815,0.1252807035376446,AWAY_TEAM
0.1398305084745762,0.2076271186440678,0.652542372881356,0.66499411046497,0.2332895801905617,0.1017163093444682,AWAY_TEAM
0.5701034411344734,0.2510818264063743,0.1788147324591521,0.1447240606388833,0.2447014103909638,0.6105745289701527,DRAW
0.628784008174735,0.2323093626261336,0.1389066291991314,0.0769936174564057,0.2364186221520188,0.6865877603915754,HOME_TEAM
0.7216344962045331,0.194228746390454,0.0841367574050128,0.1042922660972498,0.1857038628096647,0.7100038710930854,AWAY_TEAM
0.2913474563305333,0.2787531858839684,0.429899357785498,0.3110348188381198,0.2660016874734807,0.4229634936883995,DRAW
0.5341798417442203,0.2399170008826398,0.2259031573731398,0.1156012704447998,0.2877581768876723,0.5966405526675279,DRAW
0.1319239908641387,0.2057452878796035,0.6623307212562579,0.6997599260801981,0.2064669590495228,0.0937731148702791,HOME_TEAM
0.8156289410819795,0.1277103210378362,0.0566607378801842,0.0560147725888138,0.19069657120909,0.7532886562020961,HOME_TEAM
0.7255991616623411,0.1838750312204763,0.0905258071171826,0.1152717486187876,0.2143852879564502,0.6703429634247621,HOME_TEAM
0.4680532694897501,0.2925332934310938,0.2394134370791561,0.2262618358507825,0.293047482579184,0.4806906815700336,AWAY_TEAM
0.1553800214203133,0.2261072481517295,0.6185127304279571,0.533273990387255,0.2467404090295014,0.2199856005832435,AWAY_TEAM
0.4848317344407998,0.2835531052941647,0.2316151602650355,0.3975918891046056,0.2782616877190571,0.3241464231763373,HOME_TEAM
0.3347990646716282,0.2978338682567796,0.367367067071592,0.3248998748749811,0.3039933120374351,0.3711068130875837,AWAY_TEAM
0.3356409111210361,0.2914247431889236,0.3729343456900402,0.3249791485055607,0.2999394456562432,0.3750814058381961,HOME_TEAM
0.4859690532389195,0.2853396275898243,0.2286913191712562,0.2494728984605983,0.2609343170080542,0.4895927845313474,DRAW
0.437987506331251,0.2933310822218469,0.2686814114469019,0.3188217469752618,0.3052065643623446,0.3759716886623935,AWAY_TEAM
0.8465845464725644,0.103023516237402,0.0503919372900335,0.0473680675014842,0.1504833056484867,0.8021486268500291,HOME_TEAM
0.1764330006389891,0.2692124233888023,0.5543545759722085,0.5374003062520545,0.2610000465681625,0.201599647179783,DRAW
0.8967944363659998,0.072604047321985,0.0306015163120151,0.0999925390161631,0.1739745711735682,0.7260328898102686,HOME_TEAM
0.1642673919773561,0.2647549865109901,0.5709776215116537,0.6452840178487301,0.2168722030934451,0.1378437790578247,DRAW
0.5769453905493146,0.2583574138998304,0.1646971955508551,0.1553754018366135,0.2397543078320959,0.6048702903312906,DRAW
0.4623751403373873,0.2755702842125402,0.2620545754500724,0.0760674472452866,0.1962865194464235,0.7276460333082898,HOME_TEAM
0.4740945674044265,0.2779175050301811,0.2479879275653924,0.1988779083117175,0.2662656294382987,0.5348564622499837,AWAY_TEAM
0.1974719339422559,0.2388145802109549,0.5637134858467889,0.4809648851746899,0.2487552339718745,0.2702798808534354,HOME_TEAM
0.0981893775379412,0.1520700265328177,0.749740595929241,0.6736462027516564,0.2082057319234224,0.1181480653249213,AWAY_TEAM
0.5220054687575485,0.267582635245466,0.2104118959969854,0.0946456399637174,0.2223150434877496,0.683039316548533,HOME_TEAM
0.1965958987823095,0.239905391335838,0.5634987098818522,0.382249104071429,0.2779815604564962,0.3397693354720748,DRAW
0.3589751576979986,0.2807102250603536,0.3603146172416478,0.3456352574653812,0.257406080174549,0.3969586623600697,HOME_TEAM
0.8110315269224088,0.1320539799602293,0.056914493117362,0.050135735923792,0.1417157201259415,0.8081485439502664,HOME_TEAM
0.8291998972160554,0.1208174196441824,0.0499826831397622,0.0708812059647577,0.1630521626459738,0.7660666313892683,AWAY_TEAM
0.1891603893829276,0.2697774912647881,0.5410621193522844,0.6073106334991429,0.2425103211378027,0.1501790453630542,HOME_TEAM
0.1071698160096173,0.1931200084493304,0.6997101755410522,0.6498237007959453,0.2371054153611852,0.1130708838428695,AWAY_TEAM
0.4329245941184122,0.2899525830978254,0.2771228227837624,0.2211598416087373,0.3436710801061646,0.435169078285098,HOME_TEAM
0.4724132463615278,0.2883749571347977,0.2392117965036744,0.2585094806200153,0.2951864524772546,0.44630406690273,HOME_TEAM
0.7296204805748934,0.183471816752751,0.0869077026723557,0.1139374117541423,0.2449557969073107,0.641106791338547,HOME_TEAM
0.46409845166862,0.2829868607735488,0.2529146875578311,0.2059247687131888,0.2540214535226981,0.540053777764113,HOME_TEAM
0.5029878080686515,0.2809481450473549,0.2160640468839935,0.1720458213986099,0.2412030922387266,0.5867510863626635,AWAY_TEAM
0.1813571207253632,0.2690758467735359,0.5495670325011007,0.3687520592534861,0.2447605629257385,0.3864873778207753,HOME_TEAM
0.3112296641012785,0.3006632248879635,0.3881071110107578,0.2351224534028211,0.2389762756059781,0.5259012709912007,HOME_TEAM
0.817015405840423,0.13327201655553,0.0497125776040469,0.0446942124367179,0.1461393702921355,0.8091664172711465,HOME_TEAM
0.5209178894786137,0.2729316266000624,0.2061504839213237,0.1409523887547808,0.2577627813211247,0.6012848299240944,HOME_TEAM
0.3157320234684131,0.2713876381498158,0.4128803383817711,0.5192826721408386,0.2822171863233992,0.1985001415357622,AWAY_TEAM
0.2317182842419037,0.2752892436720053,0.4929924720860911,0.3968104304600026,0.26117555546288,0.3420140140771173,HOME_TEAM
0.819028214734115,0.1234875014483137,0.0574842838175713,0.0871746845162184,0.1697281192761115,0.74309719620767,DRAW
0.2767802829614803,0.2895547575597025,0.4336649594788171,0.5256325440480875,0.259521924826452,0.2148455311254604,AWAY_TEAM
0.3629920095853854,0.3138124469963977,0.3231955434182169,0.4622776270131851,0.3141828838088396,0.2235394891779751,DRAW
0.8538587553029519,0.1008213577316965,0.0453198869653516,0.0292806226342355,0.1163215706892784,0.854397806676486,HOME_TEAM
0.4573334684238829,0.2847812702148719,0.257885261361245,0.3502498900439176,0.2984217073966532,0.3513284025594292,DRAW
0.3479607394701735,0.2936916333142748,0.3583476272155517,0.2678023357080213,0.2606273558761135,0.4715703084158651,DRAW
0.5344213930072845,0.2627071454389741,0.2028714615537414,0.1444384017839365,0.2195154829532024,0.6360461152628609,DRAW
0.1394428404810615,0.2262289439972466,0.6343282155216917,0.487173441076919,0.2652382537952886,0.2475883051277924,AWAY_TEAM
0.7211380170087776,0.1779773899381809,0.1008845930530414,0.2178090771962937,0.2360167699391056,0.5461741528646007,HOME_TEAM
0.235987002437043,0.2836108854589765,0.4804021121039806,0.6607652248640141,0.2556467451875035,0.0835880299484823,AWAY_TEAM
0.3248259860788863,0.281322505800464,0.3938515081206497,0.3572535965161911,0.2662592851526366,0.3764871183311721,DRAW
0.1487056207306589,0.2545775572291172,0.5967168220402239,0.3843447002900524,0.2870150854147773,0.3286402142951703,HOME_TEAM
0.3935760270126833,0.2847638313091767,0.3216601416781399,0.3085111695552176,0.3429207458637366,0.3485680845810457,AWAY_TEAM
0.439151113216485,0.296871624822359,0.2639772619611558,0.2040631248107634,0.263624378988141,0.5323124962010956,HOME_TEAM
0.5828972863196941,0.2519816393986178,0.165121074281688,0.1832361017806693,0.2130435052594926,0.603720392959838,AWAY_TEAM
0.4174068032143073,0.2873542384145973,0.2952389583710954,0.4273275593263791,0.339775834821455,0.2328966058521657,DRAW
0.3702998866673629,0.3072204107050992,0.3224797026275379,0.2697268094924016,0.2869818377224056,0.4432913527851926,HOME_TEAM
0.4430585746335452,0.2981854534041638,0.2587559719622909,0.2374688115465551,0.2826243964705898,0.4799067919828551,HOME_TEAM
0.6898682145852754,0.19771480789145,0.1124169775232746,0.1267325573390901,0.2296483378345624,0.6436191048263474,HOME_TEAM
0.1832916084593148,0.254119697367875,0.5625886941728101,0.3779749307535571,0.2570095176066557,0.3650155516397872,AWAY_TEAM
0.2335897357939862,0.2755160986288042,0.4908941655772095,0.3642282782674243,0.2465171067349749,0.3892546149976007,DRAW
0.1271364317841079,0.2212893553223388,0.6515742128935532,0.6084200686447293,0.2377922267749093,0.1537877045803613,AWAY_TEAM
0.3596271361173522,0.3090725227334432,0.3313003411492045,0.3666834266399512,0.3101744564545134,0.3231421169055354,AWAY_TEAM
0.5158805321265357,0.2474655344464853,0.2366539334269787,0.2119521721536793,0.2585428763479529,0.5295049514983677,HOME_TEAM
0.2969920356046326,0.2979058572526468,0.4051021071427205,0.5127739979566964,0.3412106499785094,0.1460153520647942,DRAW
0.4857987008307682,0.2663193979760961,0.2478819011931356,0.1410319329488767,0.2173375952579737,0.6416304717931496,HOME_TEAM
0.6515568626074171,0.2038698005621516,0.1445733368304314,0.0798822108806487,0.2006510206395028,0.7194667684798485,HOME_TEAM
0.4300916093565772,0.2703089723609773,0.2995994182824454,0.1854718020690141,0.2548703989445522,0.5596577989864336,DRAW
0.7822521430656676,0.1437026159113226,0.0740452410230097,0.120007115652455,0.2110355229951443,0.6689573613524006,HOME_TEAM
0.2137320044296788,0.2519379844961241,0.5343300110741971,0.3314147378924842,0.2666783660549517,0.4019068960525641,AWAY_TEAM
0.5890621874694737,0.2687797412770549,0.1421580712534712,0.310913528801948,0.3232560948057825,0.3658303763922694,HOME_TEAM
0.5324965132496513,0.2822873082287308,0.1852161785216178,0.1260786259137075,0.253330177969824,0.6205911961164684,HOME_TEAM
0.2117066841310691,0.238834927575,0.5494583882939309,0.6753827000919961,0.1995373362351913,0.1250799636728125,AWAY_TEAM
0.4558773109178952,0.2866713151477562,0.2574513739343485,0.1485403101689357,0.2811354893923744,0.5703242004386898,HOME_TEAM
0.8193090680223741,0.1160522529765348,0.0646386790010908,0.1137920600167253,0.231050031123909,0.6551579088593656,HOME_TEAM
0.669807981008237,0.2103405909179541,0.1198514280738088,0.1640938528754881,0.2135479629369892,0.6223581841875226,HOME_TEAM
0.5638345096994717,0.2538731300217516,0.1822923602787765,0.2098311650447837,0.2677191649632361,0.5224496699919802,DRAW
0.7120683301784615,0.1886912209563815,0.0992404488651569,0.0968327547483933,0.1879443811470943,0.7152228641045123,AWAY_TEAM
0.369187152229067,0.3051325990032036,0.3256802487677291,0.5155725252633239,0.2650906875438246,0.2193367871928515,AWAY_TEAM
0.3087937887909993,0.298310049048095,0.3928961621609056,0.2552423016511723,0.3572223451887666,0.3875353531600609,DRAW
0.7603650627451592,0.1685133382300082,0.0711215990248323,0.0408677941985078,0.1116112307360103,0.8475209750654817,HOME_TEAM
0.6434299162139454,0.2308126972167961,0.1257573865692584,0.0842673901905396,0.2889129168085451,0.6268196930009152,DRAW
0.5723270440251572,0.2494758909853249,0.1781970649895178,0.0969922578647656,0.2394152712255584,0.663592470909676,DRAW
0.5035439477095341,0.2644308999145039,0.2320251523759618,0.1986109012478705,0.2084510393398258,0.5929380594123036,DRAW
0.2545650875831763,0.2749886476185027,0.4704462647983208,0.5695026645260082,0.2811077958132598,0.149389539660732,HOME_TEAM
0.0691748971984166,0.1405019023096729,0.7903232004919104,0.724158221673247,0.2259535398234289,0.0498882385033239,AWAY_TEAM
0.1734687800216997,0.2388400197835718,0.5876912001947283,0.4463783662089198,0.2743884966149554,0.2792331371761247,HOME_TEAM
0.6244775718070742,0.2395694009490054,0.1359530272439203,0.1063455138372894,0.1899014034743785,0.703753082688332,HOME_TEAM
0.7569528110335066,0.1628402685920821,0.0802069203744113,0.0539924198853378,0.1604023921537123,0.7856051879609499,HOME_TEAM
0.3856302500665714,0.2927933380135079,0.3215764119199206,0.2313995773788175,0.297627620137402,0.4709728024837803,HOME_TEAM
0.3730400917152779,0.3129530970765755,0.3140068112081464,0.4666233409256496,0.2891061258289229,0.2442705332454274,HOME_TEAM
0.5562238228431472,0.2532282140838538,0.1905479630729989,0.1560635264299884,0.2656762830372581,0.5782601905327535,HOME_TEAM
0.4957133435919982,0.2794020663882172,0.2248845900197846,0.4236971255461588,0.2772767685923649,0.2990261058614761,DRAW
0.4158976086224318,0.3003704951162007,0.2837318962613674,0.0964835529661225,0.2289335190052216,0.6745829280286559,HOME_TEAM
0.7531661582777939,0.1622010591282728,0.0846327825939332,0.0864285085334561,0.1876647766343906,0.7259067148321533,DRAW
0.4887273725620527,0.2863402704274603,0.2249323570104869,0.3300203852380955,0.2948060687224013,0.3751735460395033,AWAY_TEAM
0.5759582818128056,0.2474705660985968,0.1765711520885973,0.0976255299195607,0.2277527381884745,0.6746217318919648,HOME_TEAM
0.1581152468273726,0.2226000364320845,0.6192847167405428,0.5926261179059479,0.2555454689566759,0.1518284131373762,HOME_TEAM
0.3980721986892256,0.2908515135933661,0.3110762877174081,0.1492117308561044,0.327022481197254,0.5237657879466415,HOME_TEAM
0.3092827886495861,0.2919398285383943,0.3987773828120195,0.5636334680398812,0.267411156973077,0.1689553749870417,DRAW
0.4881622132485609,0.2755528825500473,0.2362849042013919,0.3141438839440424,0.3306012548423519,0.3552548612136057,AWAY_TEAM
0.184129554197462,0.257095787110818,0.55877465869172,0.6839846757355474,0.208934096718641,0.1070812275458115,AWAY_TEAM
0.3025126718645854,0.2932897245516407,0.4041976035837738,0.410284920238355,0.2721846390476596,0.3175304407139853,AWAY_TEAM
0.133979726751873,0.2379903040987219,0.628029969149405,0.6199952124290286,0.2379848039448044,0.142019983626167,AWAY_TEAM
0.0898738738738738,0.1590870870870871,0.751039039039039,0.7399638558630329,0.1813613773587938,0.0786747667781732,AWAY_TEAM
0.4211406241875682,0.2916595006019494,0.2871998752104823,0.548501995749876,0.3068556536791746,0.1446423505709494,DRAW
0.3536079648840625,0.3047933973411448,0.3415986377747925,0.3279344859345011,0.2259707840913482,0.4460947299741505,AWAY_TEAM
0.4622063329928498,0.2773237997957099,0.2604698672114402,0.3089641109662974,0.338434969293944,0.3526009197397585,HOME_TEAM
0.3672028402870427,0.2879336557171414,0.3448635039958158,0.5532274370221172,0.2847596511082035,0.1620129118696792,AWAY_TEAM
0.2367985280588776,0.2752529898804048,0.4879484820607176,0.2713063648772803,0.2577456645741369,0.4709479705485828,HOME_TEAM
0.5935449060428575,0.2424757385588615,0.1639793553982809,0.0835625158834054,0.2312627219291149,0.6851747621874796,DRAW
0.7076136178136772,0.1822238075948755,0.1101625745914474,0.0469523125219859,0.1744764861158536,0.7785712013621604,AWAY_TEAM
0.6406997910065394,0.212633991775096,0.1466662172183644,0.123357157006461,0.2146822753438908,0.6619605676496481,HOME_TEAM
0.455612849151832,0.2852650183116811,0.2591221325364867,0.2229077677272379,0.2736400353996294,0.5034521968731326,AWAY_TEAM
0.6837791085896957,0.2081727508373073,0.1080481405729969,0.1551621266912985,0.1919380518816745,0.652899821427027,DRAW
0.6524346018084232,0.2280353948068275,0.1195300033847492,0.120687430821516,0.1829665517761285,0.6963460174023554,HOME_TEAM
0.3662422647414468,0.2891386300590369,0.3446191051995163,0.4445043848913039,0.2876568391466639,0.267838775962032,HOME_TEAM
0.563632548945991,0.2578319106880596,0.1785355403659492,0.2110160222676583,0.3124164982889481,0.4765674794433935,HOME_TEAM
0.4006382437775615,0.2892787319288463,0.3100830242935921,0.2463789794330702,0.3161813833102736,0.4374396372566562,HOME_TEAM
0.3009072724383914,0.2961611009488268,0.4029316266127816,0.3675748987544124,0.2910218719038091,0.3414032293417784,HOME_TEAM
0.3905225682366902,0.2978352498260833,0.3116421819372263,0.266545128373022,0.3001231934385819,0.4333316781883961,HOME_TEAM
0.652320074353118,0.2136169034694825,0.1340630221773994,0.1395135338295921,0.325786823597296,0.5346996425731119,HOME_TEAM
0.1579674772840885,0.2671508807010321,0.5748816420148792,0.5142385232020956,0.2715336108320298,0.2142278659658745,AWAY_TEAM
0.266555243880585,0.28464011293443,0.448804643184985,0.5922586231993144,0.262727696320334,0.1450136804803515,AWAY_TEAM
0.1624887285843101,0.2580703336339044,0.5794409377817854,0.4627271981937455,0.2145018031637701,0.3227709986424844,DRAW
0.2005558898726307,0.277326542079068,0.5221175680483012,0.4417525702414006,0.2954083091472865,0.2628391206113129,AWAY_TEAM
0.5720441008744139,0.2578887340007603,0.1700671651248257,0.2099313645990801,0.3431830606682862,0.4468855747326336,AWAY_TEAM
0.3588173820813576,0.2926909158971799,0.3484917020214624,0.3524988749139727,0.2960610057353831,0.3514401193506442,DRAW
0.7866534669333324,0.1467457537704381,0.0666007792962293,0.1203248882655117,0.2057062709438455,0.6739688407906428,HOME_TEAM
0.1435119704386075,0.2458586651461408,0.6106293644152517,0.5819879144954819,0.2238945967275887,0.1941174887769293,AWAY_TEAM
0.4200951158752926,0.2760625047180494,0.3038423794066581,0.30383992461138,0.3310555086046946,0.3651045667839253,HOME_TEAM
0.6738640922677674,0.2041579771065481,0.1219779306256844,0.0697614097726476,0.178953286844165,0.7512853033831873,HOME_TEAM
0.2613287992374475,0.3058453770255301,0.4328258237370225,0.2724543926965605,0.2836466710963472,0.4438989362070922,DRAW
0.4296456166761394,0.2821932748582927,0.2881611084655678,0.3571714519703083,0.2927363033355677,0.3500922446941239,HOME_TEAM
0.4316285355004598,0.2703740545410183,0.2979974099585218,0.2237042810728586,0.2313291886086056,0.5449665303185357,HOME_TEAM
0.4874551971326165,0.2795698924731182,0.2329749103942652,0.393020196767081,0.3027192755469231,0.3042605276859958,HOME_TEAM
0.4838078678548141,0.2879808737231036,0.2282112584220821,0.3407544047970675,0.3218694278250075,0.337376167377925,DRAW
0.507207001961991,0.266426149907001,0.2263668481310079,0.3548640841867282,0.2405372753934836,0.4045986404197882,AWAY_TEAM
0.2060531240331732,0.2566149724107065,0.5373319035561203,0.5999710132224455,0.2146431930057316,0.1853857937718229,AWAY_TEAM
0.3994690306704652,0.289976013227657,0.3105549561018778,0.4802350146943924,0.3117219384719138,0.2080430468336938,AWAY_TEAM
0.2421691080885678,0.2646173681080138,0.4932135238034183,0.4249904508398235,0.224745592583042,0.3502639565771343,DRAW
0.5532539976680833,0.2781987431455987,0.168547259186318,0.1017493473258402,0.2126973779407819,0.6855532747333778,HOME_TEAM
0.1140008946258546,0.216243849447249,0.6697552559268963,0.670772859261556,0.2210541800709861,0.1081729606674579,AWAY_TEAM
0.2600431444131002,0.2785077463832612,0.4614491092036386,0.5480541004404924,0.2941848449213901,0.1577610546381174,DRAW
0.5034065102195306,0.2543527630582891,0.2422407267221801,0.1880915728828015,0.1909542904773756,0.6209541366398228,HOME_TEAM
0.7274177099090342,0.1748471926570339,0.0977350974339317,0.1283599220704523,0.1819147047318405,0.6897253731977071,HOME_TEAM
0.6797858373822052,0.2090491845047047,0.11116497811309,0.1094095080766587,0.2209406502590355,0.6696498416643057,DRAW
0.5030902348578492,0.2744128553770086,0.2224969097651421,0.2236904235026956,0.2592526581543088,0.5170569183429954,DRAW
0.3725247524752474,0.281559405940594,0.3459158415841584,0.2267750547127054,0.2438517271482284,0.529373218139066,HOME_TEAM
0.2056092906863198,0.248422536304808,0.545968173008872,0.5603379710496643,0.2493052720554647,0.1903567568948709,AWAY_TEAM
0.3746586463945678,0.2864325780500406,0.3389087755553915,0.4338180567713166,0.2944220318801189,0.2717599113485646,DRAW
0.1890249533625164,0.2636818677157792,0.5472931789217045,0.626428387085293,0.2682821709530511,0.1052894419616559,HOME_TEAM
0.8546284438314781,0.0973303122845039,0.0480412438840179,0.0297609265390762,0.1174194576497248,0.8528196158111989,HOME_TEAM
0.3615235508462197,0.2887845781534368,0.3496918710003434,0.4631303058416478,0.2604039877826539,0.2764657063756981,DRAW
0.4129109580182619,0.2902249545176282,0.2968640874641099,0.4068288289567136,0.2938254784900637,0.2993456925532226,AWAY_TEAM
0.1990581289098193,0.2659731496450411,0.5349687214451395,0.5463214892153128,0.2643619580809582,0.1893165527037289,DRAW
0.6105291680804994,0.2454869239801485,0.1439839079393521,0.198870230275766,0.2820376112860946,0.5190921584381394,HOME_TEAM
0.4803818260707866,0.258765676976797,0.2608524969524163,0.2060610569394429,0.2333067776190407,0.5606321654415164,HOME_TEAM
0.2644130388466728,0.2703217101058164,0.4652652510475109,0.6539948852983354,0.2416879243370527,0.1043171903646119,HOME_TEAM
0.4849670877068138,0.2844943706000457,0.2305385416931405,0.4083611608697107,0.3230385497855484,0.2686002893447408,AWAY_TEAM
0.3517546736634962,0.2856674319449,0.3625778943916038,0.3407634557654834,0.3185539403816251,0.3406826038528914,HOME_TEAM
0.6142075282028371,0.2279682787892326,0.1578241930079303,0.1687483695444814,0.2791552164969239,0.5520964139585945,HOME_TEAM
0.5752402330919256,0.2499115665617877,0.1748482003462867,0.1524744777400745,0.2227482364191372,0.6247772858407883,HOME_TEAM
0.7821615934638116,0.1424200258289466,0.0754183807072415,0.1153624863401539,0.1993554248274229,0.6852820888324233,HOME_TEAM
0.7543448797859987,0.1671933677710678,0.0784617524429335,0.0539880632402172,0.1563707905446634,0.7896411462151194,HOME_TEAM
0.6308476953102321,0.2412544157775564,0.1278978889122114,0.179174751961019,0.2410839539143514,0.5797412941246296,HOME_TEAM
0.5494900307317726,0.2530546194159478,0.1974553498522796,0.0865702902389256,0.2467978989646678,0.6666318107964065,HOME_TEAM
0.2878035825830655,0.2886601408645628,0.4235362765523716,0.3522153125699386,0.2339309239411845,0.4138537634888767,HOME_TEAM
0.6401158580738595,0.2306299782766111,0.1292541636495293,0.1580538930706293,0.249231784281285,0.5927143226480857,DRAW
0.2852066800900154,0.2818903233447826,0.4329029965652018,0.3906128854680846,0.3351663351132296,0.2742207794186859,HOME_TEAM
0.1569903795529603,0.2366342794237304,0.6063753410233093,0.4670797188402671,0.2902485287560002,0.2426717524037327,AWAY_TEAM
0.450221632639855,0.2818778917397354,0.2679004756204096,0.3520101127591603,0.2576325311168514,0.3903573561239883,AWAY_TEAM
0.0606563770063365,0.1387797049844118,0.8005639180092518,0.7511523876980517,0.1643034900209879,0.0845441222809602,AWAY_TEAM
0.776211437241276,0.1485342873733305,0.0752542753853934,0.0433579067851061,0.1637950665632347,0.7928470266516591,HOME_TEAM
0.1573968974650018,0.2572833900870223,0.5853197124479758,0.4298571089435959,0.2786705962427551,0.2914722948136489,AWAY_TEAM
0.1330988737034234,0.2393090860526198,0.6275920402439567,0.4880009081071562,0.2839871195224785,0.2280119723703652,DRAW
0.2782022002990922,0.2790252837319298,0.4427725159689779,0.4260588645091366,0.25809909829473,0.3158420371961333,AWAY_TEAM
0.7684928318215989,0.1577037407321196,0.0738034274462816,0.057717474522673,0.18543690672737,0.7568456187499569,HOME_TEAM
0.5940085288386742,0.237895307618437,0.1680961635428887,0.068947773520573,0.2183995922823559,0.712652634197071,AWAY_TEAM
0.1300833338817268,0.2369608468951054,0.6329558192231677,0.4716452557781307,0.2867304705893566,0.2416242736325127,AWAY_TEAM
0.4623980004410792,0.2801587885025362,0.2574432110563845,0.1445376047224215,0.2667511247489597,0.5887112705286187,DRAW
0.512760240697626,0.2699489846569674,0.2172907746454065,0.1395269909609328,0.2457611906596889,0.6147118183793783,DRAW
0.2516785506200927,0.2744291540659767,0.4738922953139305,0.6037589600451352,0.2434117237261467,0.152829316228718,AWAY_TEAM
0.4647227860056669,0.2923256234551775,0.2429515905391556,0.2276613528947964,0.2567298432385754,0.5156088038666281,AWAY_TEAM
0.3078035173015148,0.273796896409846,0.4183995862886391,0.345485080715457,0.3231454830896137,0.3313694361949292,HOME_TEAM
0.055242464994858,0.1075484534451388,0.8372090815600032,0.7229967349184249,0.148741283626776,0.1282619814547991,AWAY_TEAM
0.7418426976098095,0.1702806192022516,0.0878766831879388,0.0557329783609303,0.1498991577262924,0.7943678639127771,DRAW
0.5292325271376881,0.2439535326604456,0.2268139402018663,0.1537025522839701,0.2102878299367421,0.6360096177792878,HOME_TEAM
0.1585161845674099,0.2559646586867193,0.5855191567458706,0.4434448444619206,0.3184967087243582,0.2380584468137211,AWAY_TEAM
0.2075759565301669,0.2559917962570422,0.5364322472127908,0.4093054400339926,0.2816040490026872,0.30909051096332,AWAY_TEAM
0.4200137709433096,0.3139775074592609,0.2660087215974294,0.410954448781812,0.3042573279042906,0.2847882233138973,DRAW
0.1379855106333255,0.191119420425333,0.6708950689413414,0.4728508370227568,0.2718287612977556,0.2553204016794875,AWAY_TEAM
0.164078151937706,0.2426392620924181,0.5932825859698759,0.3955357552415187,0.243325991875611,0.3611382528828702,HOME_TEAM
0.5943151779837218,0.251747448046724,0.1539373739695542,0.1325416905505056,0.2335853761616989,0.6338729332877954,HOME_TEAM
0.3908897923937682,0.2826970819990645,0.3264131256071673,0.3287362434966984,0.2656567223905188,0.4056070341127827,DRAW
0.2664796633941094,0.2805049088359046,0.4530154277699859,0.5408192409653368,0.2230616091987275,0.2361191498359355,DRAW
0.7282938205452476,0.1748431013222345,0.0968630781325179,0.0548832090641947,0.1463225386845667,0.7987942522512386,HOME_TEAM
0.2470480920285815,0.257588810621801,0.4953630973496174,0.6558364178057784,0.204369605743145,0.1397939764510766,AWAY_TEAM
0.4853952436481853,0.2749637796388565,0.239640976712958,0.3764542635074255,0.3645199991889171,0.2590257373036573,DRAW
0.160167045384757,0.250261008413683,0.5895719462015598,0.6413962126306971,0.2291271341122181,0.1294766532570846,AWAY_TEAM
0.5295572231267368,0.2677043420778808,0.2027384347953825,0.3117729611681048,0.2626272246916912,0.4255998141402039,AWAY_TEAM
0.599480709361096,0.2536886020746417,0.1468306885642622,0.1556866106178331,0.2493312866538012,0.5949821027283656,HOME_TEAM
0.1433996971487922,0.1633298245491328,0.6932704783020749,0.4341488349733587,0.2345360902033682,0.3313150748232731,AWAY_TEAM
0.7521980157240747,0.1625352496288202,0.0852667346471051,0.0391183090647585,0.1369341632104592,0.8239475277247822,DRAW
0.3811609541642921,0.2917528291134087,0.327086216722299,0.4609901121964948,0.3202828008295016,0.2187270869740036,AWAY_TEAM
0.05402050504868,0.1088965384578596,0.8370829564934603,0.6486772565492545,0.2339281410335943,0.1173946024171511,AWAY_TEAM
0.4597617320105412,0.2882298319943759,0.2520084359950827,0.2458571556284769,0.2516954881655758,0.5024473562059473,DRAW
0.4120396813467609,0.307725837967834,0.2802344806854051,0.2407822261114337,0.3131913450786616,0.4460264288099045,HOME_TEAM
0.4234871244226646,0.2869599320714772,0.2895529435058581,0.2395015356574617,0.3580263270151463,0.4024721373273918,DRAW
0.3564065721246954,0.2973699006684575,0.3462235272068469,0.348685787336836,0.205800864997525,0.445513347665639,HOME_TEAM
0.5072419295446177,0.2758684178225113,0.216889652632871,0.0670221760939466,0.2510573973066778,0.6819204265993756,HOME_TEAM
0.1498203955177755,0.2537608325165575,0.5964187719656668,0.6180599413632222,0.2462455626503923,0.1356944959863855,DRAW
0.206687641224241,0.2582210209396683,0.5350913378360905,0.7034716245276059,0.1919802771264245,0.1045480983459695,AWAY_TEAM
0.2557124552880251,0.2485184987453953,0.4957690459665794,0.3326355971178398,0.2180233597578637,0.4493410431242964,HOME_TEAM
0.2952559084663965,0.3007747104938058,0.4039693810397977,0.4226504489165519,0.2958014367010841,0.281548114382364,HOME_TEAM
0.4930619429206673,0.3346413186609583,0.1722967384183744,0.2399373176991844,0.2390440536289891,0.5210186286718265,DRAW
0.4815568669370781,0.2883396055117073,0.2301035275512147,0.37877387159451,0.2575139359187125,0.3637121924867773,AWAY_TEAM
0.7026206543406303,0.1901208829392293,0.1072584627201404,0.1213270876611219,0.1913811536851653,0.6872917586537128,HOME_TEAM
0.4110427265288697,0.2903696325020455,0.2985876409690846,0.3982551584697459,0.3905744604524381,0.2111703810778158,HOME_TEAM
0.7109430156328795,0.1817448310640444,0.1073121533030761,0.1745433318256019,0.368026401474594,0.4574302666998041,HOME_TEAM
0.4508122580411737,0.2769275299395781,0.2722602120192481,0.4521228912707047,0.2861551431270913,0.2617219656022041,DRAW
0.4172934909348636,0.2851917053430577,0.2975148037220786,0.1978375273918392,0.309208786809876,0.4929536857982848,DRAW
0.2365555228524576,0.2732624143295631,0.4901820628179792,0.6314891141745878,0.2133252568290257,0.1551856289963863,AWAY_TEAM
0.5843375523635179,0.2649902853741535,0.1506721622623286,0.1121657651665082,0.2524571254832424,0.6353771093502494,HOME_TEAM
0.647846305603833,0.2104373150453286,0.1417163793508384,0.0724572577265679,0.1791489935271007,0.7483937487463312,AWAY_TEAM
0.4825038314629929,0.2903690722277293,0.2271270963092777,0.1469565357204446,0.2494579560470614,0.603585508232494,AWAY_TEAM
0.6167440738283371,0.2352373484528621,0.1480185777188009,0.0616918984677217,0.1458418305981318,0.7924662709341465,DRAW
0.7199250145445927,0.1869572712189446,0.0931177142364627,0.0610470046368777,0.1814537432962041,0.7574992520669181,HOME_TEAM
0.1465563317174865,0.2497480502144564,0.603695618068057,0.6883834009668124,0.2055528233297659,0.1060637757034216,AWAY_TEAM
0.5191445657077587,0.2588763786103032,0.2219790556819382,0.2573054734607979,0.2628273959040023,0.4798671306351998,HOME_TEAM
0.1100019073519187,0.1850223652394342,0.7049757274086471,0.6920021150514347,0.2054945513960787,0.1025033335524866,AWAY_TEAM
0.4538451036607961,0.2862715269245022,0.2598833694147017,0.3550347062237285,0.3061880613018385,0.338777232474433,HOME_TEAM
0.4715809637042175,0.2884287239781146,0.2399903123176679,0.3567407550298153,0.3274262460547925,0.3158329989153921,HOME_TEAM
0.771553131475669,0.1540660769666154,0.0743807915577156,0.2174418520281355,0.267657959299429,0.5149001886724354,DRAW
0.3406926612024447,0.3161984175865827,0.3431089212109727,0.3553219814765841,0.2982305194015557,0.3464474991218602,DRAW
0.248083760316401,0.2842783514871829,0.4676378881964159,0.4525494390855629,0.2723637043664149,0.2750868565480222,DRAW
0.1715781977943437,0.2479326899074276,0.5804891122982287,0.5887454415776556,0.2501439424607949,0.1611106159615495,AWAY_TEAM
0.5354373627953364,0.2699558848633868,0.1946067523412768,0.1855527428609588,0.2714958361235863,0.5429514210154548,HOME_TEAM
0.298702728490431,0.2659681829024385,0.4353290886071304,0.5108466423823145,0.2451739094256832,0.2439794481920022,AWAY_TEAM
0.2789502946736351,0.2915156232625375,0.4295340820638275,0.3026236711811534,0.3198327929246414,0.377543535894205,HOME_TEAM
0.215810577652345,0.2428545096889796,0.5413349126586754,0.5546127125016318,0.2384205657665164,0.2069667217318516,AWAY_TEAM
0.5242216665771031,0.2599913386797492,0.2157869947431476,0.0358157230156402,0.1745398151038256,0.789644461880534,HOME_TEAM
0.2077180448290609,0.2684712334280898,0.5238107217428492,0.4326167679208642,0.2615402359110367,0.3058429961680991,AWAY_TEAM
0.42051330262292,0.2724452383190749,0.307041459058005,0.164134533497237,0.2874108659972359,0.5484546005055271,AWAY_TEAM
0.1369176748477244,0.2365252832994439,0.6265570418528317,0.4572644200832935,0.3032056218170815,0.2395299580996248,AWAY_TEAM
0.3791512309906095,0.3035729125207206,0.3172758564886698,0.2577243708244139,0.2015563662461991,0.540719262929387,DRAW
0.4642399853667459,0.2864459484177794,0.2493140662154747,0.4739891102265466,0.2863567016859252,0.239654188087528,HOME_TEAM
0.3678982348317015,0.2963624669477595,0.3357392982205388,0.4525760011020141,0.284039659239265,0.2633843396587208,HOME_TEAM
0.7092060449534987,0.1850690060164368,0.1057249490300645,0.0885706281407318,0.2376030089347956,0.6738263629244725,HOME_TEAM
0.5680705190989226,0.2556317335945152,0.1762977473065622,0.1423165732284848,0.2970945201376206,0.5605889066338946,AWAY_TEAM
0.2151082834400655,0.2890105157875727,0.4958812007723616,0.58930375936522,0.2396375414904388,0.1710586991443412,AWAY_TEAM
0.5460856151176243,0.2502892402622445,0.2036251446201311,0.2147927939608489,0.2197269302502699,0.565480275788881,HOME_TEAM
0.173210387754832,0.247001547844263,0.5797880644009049,0.5327353635646402,0.303079658265015,0.1641849781703448,DRAW
0.1008336000050694,0.1978461372731046,0.701320262721826,0.742890961275196,0.1833236319824316,0.0737854067423723,AWAY_TEAM
0.4787542009117226,0.2854956243968987,0.2357501746913785,0.2247264017180872,0.3079868331469604,0.4672867651349524,HOME_TEAM
0.4580885288916775,0.2751126575780047,0.2667988135303177,0.330566815930746,0.2666737009662418,0.4027594831030122,DRAW
0.5789787403139282,0.2536922975031459,0.167328962182926,0.0835207052015564,0.2311671755200728,0.6853121192783707,HOME_TEAM
0.2868212187131824,0.2738208235307153,0.4393579577561022,0.4598512062603138,0.2942783434683989,0.2458704502712873,HOME_TEAM
0.6527295949899057,0.2000082402867619,0.1472621647233323,0.1675635287220612,0.1850551153917631,0.6473813558861756,HOME_TEAM
0.5273269736822137,0.283825988776015,0.1888470375417712,0.129025798050398,0.2301460858988107,0.6408281160507912,DRAW
0.5433938829374321,0.2685918335662164,0.1880142834963515,0.1145993173551372,0.2356768901802701,0.6497237924645924,HOME_TEAM
0.1109944896352663,0.2222513775911833,0.6667541327735502,0.6314302977393665,0.2431143861775462,0.1254553160830873,AWAY_TEAM
0.205439905497764,0.2521064114463422,0.5424536830558937,0.6751030719669535,0.226534890689281,0.0983620373437653,HOME_TEAM
0.3255667067233749,0.2903974637131338,0.3840358295634912,0.5586178690333203,0.2236807046131368,0.2177014263535427,AWAY_TEAM
0.2335652540586127,0.2577271768922623,0.5087075690491251,0.3442838141121485,0.3071326568152192,0.3485835290726322,HOME_TEAM
0.5513268053999191,0.2525711804842561,0.1961020141158249,0.4110128190905951,0.2858188095487667,0.303168371360638,DRAW
0.1002391298279567,0.1709545653326881,0.7288063048393549,0.7011838609122734,0.192206349001732,0.1066097900859946,DRAW
0.2024245258415244,0.2644136082807989,0.5331618658776764,0.6213886333790565,0.2721361930462495,0.1064751735746939,AWAY_TEAM
0.7019930980377057,0.1764572814739587,0.1215496204883354,0.1352047485212951,0.2178265869543961,0.6469686645243087,HOME_TEAM
0.5185574541631773,0.2775154571209664,0.2039270887158562,0.1307171096394564,0.2420207177842511,0.6272621725762924,HOME_TEAM
0.4662781993512497,0.2702294109876561,0.263492389661094,0.1564560752959802,0.2700957072115409,0.5734482174924788,HOME_TEAM
0.3991929884747646,0.2860071716206392,0.3147998399045962,0.5888624044305089,0.2551750448250929,0.1559625507443981,AWAY_TEAM
0.294620994608544,0.2833891091835848,0.421989896207871,0.3292148376853281,0.2935326156142588,0.377252546700413,AWAY_TEAM
0.3327128088660536,0.2904799136229942,0.3768072775109522,0.5480026621997379,0.2553321611195709,0.1966651766806912,AWAY_TEAM
0.4068484890120374,0.2979382781072767,0.2952132328806857,0.2705204934730487,0.2477835827228794,0.4816959238040718,HOME_TEAM
0.7247913846104302,0.1946057206036461,0.0806028947859235,0.0585419825135845,0.2079454339844579,0.7335125835019576,HOME_TEAM
0.1315552996736208,0.2124459762781886,0.6559987240481905,0.7942432979499988,0.1586930829657979,0.0470636190842033,AWAY_TEAM
0.5626083098226021,0.2476621821865398,0.189729507990858,0.3563928021483541,0.2880874024239536,0.3555197954276923,HOME_TEAM
0.4424881403899462,0.2882262198870292,0.2692856397230244,0.2765636277688833,0.2676930594342961,0.4557433127968205,HOME_TEAM
0.1504111360906655,0.2354100582057836,0.6141788057035509,0.4895728938250741,0.296516267609809,0.2139108385651167,HOME_TEAM
0.7341551668722978,0.1659391815533275,0.0999056515743745,0.1582934946738036,0.216208221667852,0.6254982836583445,HOME_TEAM
0.5717837165941577,0.2635177128651336,0.1646985705407085,0.0835559010134282,0.2167481944264793,0.6996959045600923,DRAW
0.409143937326737,0.281665855963807,0.3091902067094559,0.1523471779002312,0.2598202535891398,0.5878325685106289,DRAW
0.695564573702196,0.2047549394448023,0.0996804868530017,0.0943145754306341,0.2148097944295248,0.690875630139841,HOME_TEAM
0.2003147803691515,0.2468164258119903,0.5528687938188581,0.6282614108944929,0.2216171758697635,0.1501214132357435,DRAW
0.2916638678041244,0.2820581715590783,0.4262779606367972,0.3707044845344763,0.2035732276177134,0.4257222878478103,DRAW
0.6541498791297341,0.2146655922643029,0.1311845286059629,0.0654394684507926,0.2303228922187857,0.7042376393304216,DRAW
0.7537179686601787,0.1584169129532066,0.0878651183866146,0.0303635330471622,0.1109491104847195,0.8586873564681183,AWAY_TEAM
0.3631105641404743,0.2925373510473414,0.3443520848121841,0.4114317861539412,0.3205890725676263,0.2679791412784325,AWAY_TEAM
0.8870310232847369,0.0822163108316635,0.0307526658835993,0.0509974526280629,0.15996211197972,0.7890404353922169,HOME_TEAM
0.5778921701435926,0.2507257034485428,0.1713821264078647,0.3509181016445075,0.2502431843214489,0.3988387140340435,AWAY_TEAM
0.4785627809242844,0.2543938993334353,0.2670433197422803,0.07462236929331,0.1779874200117353,0.7473902106949547,HOME_TEAM
0.3923141313446465,0.3264896126626588,0.2811962559926946,0.0701622555022764,0.2141048958574573,0.7157328486402662,DRAW
0.3470179659306973,0.294439486244228,0.3585425478250746,0.1006771517275882,0.1935519942098279,0.7057708540625838,DRAW
0.3437024061881159,0.2648977108466419,0.3913998829652422,0.3366796019940727,0.2720450953553972,0.39127530265053,DRAW
0.4244701260734514,0.270989402521469,0.3045404714050794,0.3442068877743468,0.2428107452178844,0.4129823670077687,DRAW
0.6282453067203331,0.2367525416951009,0.1350021515845659,0.1719083982805948,0.2763825456815216,0.5517090560378834,HOME_TEAM
0.7251313643776045,0.17503170864287,0.0998369269795252,0.0786540361944096,0.2087090175058943,0.7126369462996961,HOME_TEAM
0.2379611377076879,0.2787947057166994,0.4832441565756125,0.7897852497859318,0.1486641721279775,0.0615505780860907,AWAY_TEAM
0.4016368868001666,0.2856881426941661,0.3126749705056672,0.3943585323425256,0.2969389771286396,0.3087024905288347,AWAY_TEAM
0.1490864489934021,0.2058661816951446,0.6450473693114532,0.4663079406040065,0.1923879247439018,0.3413041346520916,AWAY_TEAM
0.2253588965285388,0.2661087243939732,0.508532379077488,0.5094176215053926,0.2314503965674274,0.25913198192718,DRAW
0.1096148139632074,0.1870901387838045,0.703295047252988,0.6979320714574694,0.2074112370499541,0.0946566914925766,DRAW
0.5837078170067669,0.2466586838270065,0.1696334991662265,0.2298393210173769,0.1978577884001793,0.5723028905824437,HOME_TEAM
0.4601292122903333,0.2861779247171585,0.2536928629925081,0.4575630905692627,0.2911052572867809,0.2513316521439563,DRAW
0.4881809565574118,0.2785503105062879,0.2332687329363002,0.213470507329282,0.3031640018298067,0.4833654908409113,HOME_TEAM
0.2239263094250853,0.2734057772300616,0.502667913344853,0.6250431400308646,0.2394644039263657,0.1354924560427698,AWAY_TEAM
0.4746871671509206,0.2767855202046184,0.248527312644461,0.2019317196336461,0.3324785466711793,0.4655897336951745,HOME_TEAM
0.136300079541173,0.2130070749780215,0.6506928454808055,0.4926584123085092,0.2839942783447761,0.2233473093467147,HOME_TEAM
0.7578655109645787,0.1635864846601451,0.0785480043752761,0.0437799132563822,0.1318187018113266,0.8244013849322912,HOME_TEAM
0.854133017403452,0.0991953041794348,0.0466716784171131,0.0739818239703188,0.1888640107682763,0.7371541652614049,HOME_TEAM
0.2705222792488044,0.2831782923130759,0.4462994284381197,0.4282450427534296,0.2540119629916306,0.3177429942549397,HOME_TEAM
0.4457034397843436,0.2909847297955109,0.2633118304201454,0.162439237873598,0.2738166301695117,0.5637441319568902,HOME_TEAM
0.4531430691016997,0.274203050337108,0.2726538805611922,0.0699581874127619,0.1896420608726917,0.7403997517145463,HOME_TEAM
0.2793383879515032,0.2760807974214564,0.4445808146270403,0.6254211137045893,0.2705255704774377,0.104053315817973,DRAW
0.4229713940145064,0.309458304247035,0.2675703017384585,0.1532813475347248,0.3088592396370032,0.537859412828272,DRAW
0.1770041757067629,0.2534588589308882,0.5695369653623489,0.5225789680249565,0.2455144335470317,0.2319065984280117,HOME_TEAM
0.598891535360938,0.2156009527299376,0.1855075119091242,0.1676733766193059,0.2685371969384159,0.5637894264422781,AWAY_TEAM
0.5177224843438993,0.2704304596991876,0.2118470559569129,0.3387177539304531,0.283201779296617,0.3780804667729298,AWAY_TEAM
0.2344346309017555,0.2814578562861193,0.4841075128121252,0.4977890946384382,0.2689788213985865,0.2332320839629751,AWAY_TEAM
0.6410372147208143,0.2077180674309934,0.1512447178481921,0.1252789548628783,0.2172294129479451,0.6574916321891765,AWAY_TEAM
0.813780789050863,0.1310787848135618,0.0551404261355751,0.107726553022309,0.1760360036251041,0.7162374433525869,HOME_TEAM
0.1721965560688786,0.2324653506929861,0.5953380932381352,0.6184729967170135,0.257052999202623,0.1244740040803634,DRAW
0.7220624425534438,0.1874166098378154,0.0905209476087407,0.0990041519755093,0.2374347305791772,0.6635611174453134,HOME_TEAM
0.4618476457828251,0.2545616945259666,0.2835906596912084,0.2953502361697787,0.3547994487278811,0.3498503151023401,AWAY_TEAM
0.4729090244145711,0.280085999578868,0.2470049760065607,0.1130269418413779,0.3038328743739876,0.5831401837846345,HOME_TEAM
0.4473427935447968,0.2872843628269337,0.2653728436282693,0.2136301893889383,0.2828349951527188,0.5035348154583429,HOME_TEAM
0.2279411764705882,0.2659313725490196,0.506127450980392,0.3899330755349103,0.2370652077569899,0.3730017167080997,HOME_TEAM
0.1099364738544437,0.2033588851127264,0.6867046410328298,0.6806934000229329,0.2136818186673508,0.1056247813097163,AWAY_TEAM
0.4414530960455928,0.2929268207405335,0.2656200832138736,0.159341784355072,0.318093597379038,0.52256461826589,HOME_TEAM
0.1782814642115373,0.2545541116301216,0.5671644241583411,0.5456189647465249,0.2514662407129838,0.2029147945404913,DRAW
0.1131959682041603,0.2244871965587313,0.6623168352371083,0.6108975128568306,0.271845254089068,0.1172572330541012,AWAY_TEAM
0.8694431925772634,0.0873377324670373,0.0432190749556991,0.0381204513847967,0.1290258431640848,0.8328537054511184,HOME_TEAM
0.3847723730093687,0.2897523662601038,0.3254752607305275,0.4980224161468721,0.2887381054038057,0.2132394784493222,DRAW
0.4053894638137621,0.268388038369776,0.3262224978164617,0.1523138754281713,0.3459524891561844,0.5017336354156442,AWAY_TEAM
0.3211444209856,0.2692603641132746,0.4095952149011254,0.3576685640980597,0.3035328785532473,0.3387985573486931,DRAW
0.4640294277271905,0.2893022975336187,0.2466682747391907,0.1929630239959461,0.2823777438655543,0.5246592321384994,HOME_TEAM
0.7703751099736064,0.1574022234663681,0.0722226665600256,0.0296915280239229,0.1363891153815047,0.8339193565945723,HOME_TEAM
0.5206643902713834,0.2610301366776105,0.2183054730510061,0.1916582909615236,0.2583922841634021,0.5499494248750743,HOME_TEAM
0.4263006294228512,0.2907791330322534,0.2829202375448952,0.1547920182094231,0.2842620962582502,0.5609458855323266,HOME_TEAM
0.5719195815058735,0.2237370585057699,0.2043433599883564,0.2153958731672992,0.2286737624651572,0.5559303643675435,DRAW
0.5095864552774058,0.2716815395571184,0.2187320051654758,0.2241730885318249,0.3261559463939572,0.4496709650742179,HOME_TEAM
0.4300429184549355,0.286695278969957,0.2832618025751073,0.3297057399948958,0.2830686537912652,0.387225606213839,DRAW
0.7269125041261302,0.1760176303891369,0.0970698654847329,0.1819723338837014,0.2473710956869156,0.5706565704293829,HOME_TEAM
0.4955855405630518,0.2665333999666833,0.2378810594702648,0.304669330614314,0.2767101684043498,0.4186205009813361,HOME_TEAM
0.6625850446655758,0.2167904984850501,0.120624456849374,0.1419712652174579,0.22688920146982,0.6311395333127221,AWAY_TEAM
0.1247889734279965,0.2380842256192039,0.6371268009527994,0.6636548931706344,0.2227800822800663,0.1135650245492992,HOME_TEAM
0.6778214084064386,0.1860431120962009,0.1361354794973605,0.1801741901232705,0.2724792847846776,0.5473465250920517,HOME_TEAM
0.4559179898022367,0.2795211485097046,0.2645608616880585,0.4043647624151918,0.3079046750685772,0.2877305625162309,HOME_TEAM
0.579571131871173,0.2378092850675328,0.1826195830612941,0.1854984387049439,0.2289675821734444,0.5855339791216116,HOME_TEAM
0.3041893776143998,0.2867283559386487,0.4090822664469515,0.3178630608526342,0.2876834666462535,0.3944534725011122,HOME_TEAM
0.6647090008760617,0.2104428059542116,0.1248481931697266,0.1378408927719359,0.2541782455444678,0.6079808616835963,HOME_TEAM
0.4973890865158736,0.2695348681119538,0.2330760453721726,0.1835353345866472,0.2863100931913928,0.5301545722219599,DRAW
0.4577307802229208,0.2756787653615319,0.2665904544155473,0.1854513050923394,0.3235209360010913,0.4910277589065694,HOME_TEAM
0.5673832797867251,0.2638252785562923,0.1687914416569827,0.1718722461775249,0.3214748014461195,0.5066529523763554,HOME_TEAM
0.5118801547182941,0.2771422139451119,0.2109776313365941,0.1823772333623341,0.2686892010703448,0.5489335655673211,HOME_TEAM
0.7637440275898406,0.1611922068280065,0.0750637655821528,0.0633392181328304,0.1538568248635532,0.7828039570036164,HOME_TEAM
0.4513162556416457,0.2827523529321154,0.2659313914262389,0.2256274021615327,0.2684891377044228,0.5058834601340445,HOME_TEAM
0.8077471371493646,0.126991173623998,0.0652616892266374,0.1559072899941734,0.2800373564387199,0.5640553535671067,DRAW
0.3735331733685719,0.2772065670557597,0.3492602595756683,0.3919728980627626,0.2635227578072448,0.3445043441299924,DRAW
0.5361874661746986,0.2673551828584585,0.196457350966843,0.1536098258383632,0.2746287814565172,0.5717613927051196,HOME_TEAM
0.650847813425479,0.21844547301177,0.130706713562751,0.0758191526657306,0.2301318194405683,0.694049027893701,HOME_TEAM
0.5208408774705063,0.2522823000247765,0.226876822504717,0.1086310093055685,0.2086168460169787,0.6827521446774527,HOME_TEAM
0.6341733562590324,0.2408253251616578,0.1250013185793099,0.0863474544102443,0.1756330919022678,0.7380194536874878,HOME_TEAM
0.5208254016599406,0.2549303281809183,0.2242442701591411,0.161229852495792,0.2780411911542138,0.5607289563499941,DRAW
0.7066484415790122,0.1920849930482632,0.1012665653727245,0.1387418218153334,0.2550548376166633,0.6062033405680033,HOME_TEAM
0.3323545302919966,0.2985036059104043,0.3691418637975992,0.3477078977411891,0.2995738794435333,0.3527182228152776,AWAY_TEAM
0.2031948277221477,0.2606922652369313,0.536112907040921,0.3898530946956075,0.3005575103104151,0.3095893949939775,AWAY_TEAM
0.7186187587494166,0.1763882407839477,0.1049930004666355,0.0659056364680145,0.2017462852813408,0.7323480782506446,HOME_TEAM
0.4388915136124726,0.2980127561566172,0.26309573023091,0.2717787482003272,0.3665267943267943,0.3616944574728784,DRAW
0.6378489892545114,0.2085011749821198,0.1536498357633688,0.2701767304682228,0.3060249478728512,0.4237983216589259,HOME_TEAM
0.6996652059988447,0.1814430291676108,0.1188917648335445,0.182265411746884,0.251269783374629,0.5664648048784869,HOME_TEAM
0.180366902061408,0.2518508973665855,0.5677822005720065,0.5449230143943031,0.2241065047801109,0.2309704808255859,AWAY_TEAM
0.1385023194168323,0.2319416832339297,0.6295559973492378,0.6090931350851314,0.2613889701034165,0.1295178948114519,AWAY_TEAM
0.1386029320566566,0.2164314241063677,0.6449656438369757,0.492311369953195,0.2921069491308965,0.2155816809159084,DRAW
0.3880446045295308,0.2925445305175901,0.319410864952879,0.2152974980944319,0.3117213249593799,0.472981176946188,HOME_TEAM
0.2720285393755653,0.2860847253007464,0.4418867353236882,0.5637265003098781,0.2481824645740907,0.1880910351160309,DRAW
0.4863210877948978,0.2760587351306331,0.2376201770744689,0.5311048656869823,0.3097831694000612,0.1591119649129565,AWAY_TEAM
0.3299807887896937,0.2657927449429313,0.4042264662673748,0.4279728116509791,0.2027915366217335,0.3692356517272872,AWAY_TEAM
0.5653216640145488,0.2666912934757899,0.1679870425096612,0.134354847303442,0.2560983991832153,0.6095467535133426,AWAY_TEAM
0.7638579848259542,0.162811648630754,0.0733303665432916,0.0763529876132089,0.1789070824060913,0.7447399299806997,HOME_TEAM
0.4397345470970432,0.278887692111694,0.2813777607912627,0.5032817754391669,0.269102380749119,0.2276158438117141,DRAW
0.2176913706774883,0.2751465711495526,0.5071620581729591,0.5440923369337393,0.2380990889510834,0.2178085741151772,DRAW
0.8189609565125382,0.1248545127499735,0.056184530737488,0.0568891747093973,0.158585099719469,0.7845257255711335,HOME_TEAM
0.6716456302181765,0.2228208251908642,0.1055335445909592,0.1419901306394932,0.2143180780848161,0.6436917912756905,DRAW
0.3457809364804631,0.2776126947171718,0.3766063688023648,0.3322346177688881,0.2443235988055035,0.4234417834256084,DRAW
0.3995346821468488,0.278985424602541,0.3214798932506101,0.2755328104324243,0.2788022045503182,0.4456649850172576,DRAW
0.5218601125668637,0.285818769344313,0.1923211180888234,0.3295427686857887,0.277204835782096,0.3932523955321154,HOME_TEAM
0.5429733540506658,0.2661030885290798,0.1909235574202544,0.1868601038717221,0.2793357989971531,0.5338040971311248,HOME_TEAM
0.538439744268838,0.2576405227953041,0.2039197329358577,0.2981605454096512,0.2739150103513261,0.4279244442390225,AWAY_TEAM
0.519500196523437,0.2676649212004413,0.2128348822761217,0.2443146450030987,0.2108994908067233,0.5447858641901779,HOME_TEAM
0.7481927585525427,0.1641443296824456,0.0876629117650118,0.0481815441222187,0.1404093376263701,0.8114091182514112,HOME_TEAM
0.4039376963181244,0.2904860593892684,0.3055762442926071,0.4427158512210088,0.3417964762244776,0.2154876725545135,DRAW
0.7049224081467995,0.1818304529425389,0.1132471389106616,0.1013021579048934,0.1693191356667434,0.7293787064283632,HOME_TEAM
0.4577464788732394,0.2957746478873239,0.2464788732394366,0.2809091779236223,0.2495192910617965,0.4695715310145811,AWAY_TEAM
0.1395523791611811,0.2523979687793868,0.608049652059432,0.6042229786224054,0.2568386037098377,0.1389384176677568,AWAY_TEAM
0.6316770691576951,0.2216664944521269,0.146656436390178,0.0856757558169404,0.215470359470787,0.6988538847122726,HOME_TEAM
0.4559527615467281,0.2858419453121689,0.2582052931411029,0.3293910304222928,0.423999301656585,0.2466096679211222,DRAW
0.2899172927583812,0.2881495043879032,0.4219332028537155,0.5776233755803373,0.2514708590244642,0.1709057653951984,AWAY_TEAM
0.412974501103913,0.2897376658538564,0.2972878330422305,0.3191171491421611,0.3548005769749305,0.3260822738829083,AWAY_TEAM
0.3134169111763136,0.275806881835156,0.4107762069885302,0.6407535697030975,0.2188727915157068,0.1403736387811958,HOME_TEAM
0.173411194394878,0.2523589223693883,0.5742298832357339,0.5325796821448718,0.2633763237619408,0.2040439940931872,DRAW
0.3846006041088626,0.2681520878647903,0.3472473080263472,0.4422542214563264,0.2501544262955702,0.3075913522481034,DRAW
0.5539325977165561,0.2660128294119055,0.1800545728715383,0.1107586152115415,0.1935345734215269,0.6957068113669315,HOME_TEAM
0.4227447415182445,0.283896028761519,0.2933592297202363,0.2144512113781954,0.2853189925531881,0.5002297960686164,DRAW
0.4611650485436893,0.2912621359223301,0.2475728155339805,0.2969180126192408,0.2785940185572625,0.4244879688234966,DRAW
0.4220680648252585,0.2875921198809332,0.2903398152938083,0.2270870832248704,0.29030945544422,0.4826034613309096,HOME_TEAM
0.1515233408243962,0.240477341905385,0.6079993172702187,0.4018929695023179,0.2989173525277402,0.2991896779699419,DRAW
0.4522976372943115,0.2846814540617137,0.2630209086439746,0.1914189741961521,0.2513378772388566,0.5572431485649914,DRAW
0.6828068263391477,0.2080073775602701,0.1091857961005821,0.1504999173484894,0.2159801244258657,0.6335199582256448,DRAW
0.1042207920079421,0.16780089389147,0.7279783141005879,0.559231973716381,0.2572403769868103,0.1835276492968087,HOME_TEAM
0.7493550831562693,0.157064825429554,0.0935800914141766,0.1163803171408948,0.2336026706763523,0.6500170121827529,HOME_TEAM
0.5673118885056662,0.2417118321953966,0.1909762792989371,0.1268063481998916,0.282292771838127,0.5909008799619814,HOME_TEAM
0.3335363179164413,0.2878179441210412,0.3786457379625174,0.4159349812319358,0.3237011482099319,0.2603638705581323,HOME_TEAM
0.2256610982484919,0.2740637685974438,0.5002751331540641,0.396347176829452,0.2786731986613176,0.3249796245092304,HOME_TEAM
0.6852985443734743,0.181971929861883,0.1327295257646426,0.1278969208743683,0.204070473617217,0.6680326055084145,HOME_TEAM
0.7611254472143784,0.1675011987707698,0.0713733540148516,0.1199774760652568,0.189279289685446,0.6907432342492972,DRAW
0.2161115414407436,0.2556158017041053,0.528272656855151,0.6701246694856607,0.2053383060083902,0.124537024505949,AWAY_TEAM
0.5777605545634141,0.2412150315302254,0.1810244139063605,0.1163705075186478,0.205596404097405,0.678033088383947,DRAW
0.3805188012166062,0.3013425289137719,0.3181386698696216,0.1784555507966733,0.3137559044860565,0.5077885447172701,AWAY_TEAM
0.3664395588958348,0.2905106412867879,0.3430497998173772,0.1263055192891574,0.1502718242687044,0.7234226564421382,DRAW
0.4433568572614652,0.2839039524569031,0.2727391902816317,0.2795958030988193,0.3249503850814986,0.3954538118196821,DRAW
0.4141911936134805,0.2919919284169567,0.2938168779695627,0.415783569758492,0.3320483216752524,0.2521681085662555,AWAY_TEAM
0.2340243641803803,0.2667236589014746,0.4992519769181449,0.5242338609730662,0.2451877814660456,0.230578357560888,DRAW
0.1537794725198738,0.2380475168047542,0.608173010675372,0.6504160286281933,0.2132462630826169,0.1363377082891897,AWAY_TEAM
0.3715540480089623,0.297471185675887,0.3309747663151507,0.4364477273027107,0.2718905413598365,0.2916617313374527,HOME_TEAM
0.537520749926765,0.2493652963577776,0.2131139537154575,0.2513831769835887,0.2443315437834814,0.5042852792329299,DRAW
0.436408097032165,0.290059762377874,0.273532140589961,0.1970770882181568,0.3083117490713881,0.4946111627104551,HOME_TEAM
0.5091240875912408,0.2828467153284671,0.2080291970802919,0.2186706330094653,0.3321574425263538,0.449171924464181,HOME_TEAM
0.4078616096808252,0.2895313895882401,0.3026070007309348,0.2282369251594646,0.3050018185644643,0.4667612562760712,HOME_TEAM
0.7607657809712108,0.1720113806240053,0.0672228384047837,0.0697766432686301,0.1594787746390638,0.7707445820923061,HOME_TEAM
0.7075017570846981,0.1889429643676484,0.1035552785476534,0.0792421869929227,0.138910200526002,0.7818476124810754,HOME_TEAM
0.7844224942557991,0.1498896485839106,0.0656878571602902,0.040632175479081,0.145039830531446,0.8143279939894729,HOME_TEAM
0.4640408727158981,0.2925475067121966,0.2434116205719051,0.1560507683424558,0.2965772785622418,0.5473719530953023,HOME_TEAM
0.3320555709528958,0.3020567810537246,0.3658876479933796,0.3442113239348102,0.2517202975439463,0.4040683785212434,AWAY_TEAM
0.2525050100200401,0.2924980395573756,0.4549969504225843,0.309543887942711,0.2516224301107813,0.4388336819465077,AWAY_TEAM
0.5754971717978008,0.2307482693604547,0.1937545588417445,0.262863247068431,0.3138565213032236,0.4232802316283453,HOME_TEAM
0.4236378442404501,0.27839058335801,0.2979715724015397,0.203887686335577,0.3172211180592901,0.4788911956051327,HOME_TEAM
0.402567022684601,0.3028717412047155,0.2945612361106836,0.4228197906824643,0.3068980669565165,0.2702821423610191,HOME_TEAM
0.6211327982697114,0.2248183678191995,0.154048833911089,0.1276739388359825,0.2299770231864289,0.6423490379775885,HOME_TEAM
0.3329604218333163,0.302785883604672,0.3642536945620115,0.4035408534322773,0.3444467221305954,0.2520124244371272,AWAY_TEAM
0.5947575197987285,0.2460545069218089,0.1591879732794626,0.1345104074838113,0.2225417149058938,0.6429478776102949,HOME_TEAM
0.1645639731675795,0.2477075512339221,0.5877284755984984,0.6605887917454872,0.2001406047143205,0.1392706035401922,AWAY_TEAM
0.3365967769883902,0.2917172067232714,0.3716860162883382,0.3192376972030859,0.3634449271745738,0.3173173756223403,HOME_TEAM
0.3701011828416702,0.302598451379982,0.3273003657783478,0.2362479008563773,0.2854791898590276,0.4782729092845951,HOME_TEAM
0.4075422808921881,0.2825145605004843,0.3099431586073276,0.1197641136186622,0.1886175548680704,0.6916183315132675,DRAW
0.6199787048688412,0.2265027586874455,0.153518536443713,0.1082180587316572,0.1732826399706827,0.7184993012976599,HOME_TEAM
0.3616052569819291,0.3019009622154423,0.3364937808026284,0.4556012743368129,0.3037580946016115,0.2406406310615755,HOME_TEAM
0.6665561213573538,0.2286255295476914,0.1048183490949548,0.2102181540280238,0.2374126898523507,0.5523691561196254,DRAW
0.2188596672309153,0.2751744354072912,0.5059658973617935,0.5580579223454691,0.2783018513146911,0.1636402263398398,DRAW
0.5693794389580824,0.2625380698365798,0.1680824912053379,0.1510583617599512,0.2474529552683364,0.6014886829717123,DRAW
0.4291715603795188,0.2791459719373948,0.2916824676830862,0.2157188960729945,0.2810644982451002,0.5032166056819053,AWAY_TEAM
0.635547405164705,0.2223664680008897,0.1420861268344053,0.1808123173669283,0.2716098000422835,0.5475778825907882,DRAW
0.4528681650452869,0.2935256625293526,0.2536061724253606,0.2374976135674248,0.2403682023847326,0.5221341840478425,HOME_TEAM
0.3904732553884084,0.2856559508446173,0.3238707937669742,0.307457807336857,0.2874827575451574,0.4050594351179856,DRAW
0.4213557820115197,0.2977403633141338,0.2809038546743465,0.1433207071351425,0.2194919399561233,0.6371873529087341,DRAW
0.8865374126946477,0.0805271483197638,0.0329354389855884,0.0344113734331975,0.1205385918883457,0.8450500346784566,HOME_TEAM
0.1008192590335321,0.1904806554072268,0.7087000855592409,0.5067057835008019,0.311058752330221,0.1822354641689771,AWAY_TEAM
0.1533123689164476,0.2733922879232606,0.573295343160292,0.6616548103699108,0.2001473527320368,0.1381978368980524,DRAW
0.5282348093563441,0.2549613346493287,0.2168038559943271,0.224946898549407,0.2261970800340718,0.5488560214165211,DRAW
0.2954901724345833,0.2867478596406608,0.4177619679247558,0.5357553006145525,0.2748045033468848,0.1894401960385627,HOME_TEAM
0.3588297578491851,0.2713838504741737,0.3697863916766412,0.3682473052176135,0.2714847239091485,0.3602679708732379,AWAY_TEAM
0.482510347944277,0.2731959998219709,0.2442936522337523,0.1378243378613053,0.2751305078120102,0.5870451543266844,DRAW
0.4782708716747531,0.255583904969048,0.2661452233561987,0.2753615943075339,0.2224193178716407,0.5022190878208254,HOME_TEAM
0.7539410736375743,0.1695011406559295,0.0765577857064961,0.0524935418915563,0.1728626364896912,0.7746438216187524,HOME_TEAM
0.4027181221196653,0.2770996253116963,0.3201822525686384,0.3884842313630703,0.3700566162250092,0.2414591524119204,AWAY_TEAM
0.5000280127738249,0.2717239061011821,0.2282480811249929,0.3283398274324637,0.2130624662136392,0.458597706353897,DRAW
0.4192614399171829,0.2921728159422868,0.2885657441405302,0.2652168155393638,0.2822651624510121,0.4525180220096239,HOME_TEAM
0.3354758313110775,0.2843182265363677,0.3802059421525546,0.2295262033556214,0.3339268808198417,0.4365469158245368,HOME_TEAM
0.5900592088852713,0.2234866287694792,0.1864541623452495,0.114541600108099,0.249030185543869,0.636428214348032,AWAY_TEAM
0.1198992263156012,0.2227511692687947,0.657349604415604,0.6408588270604495,0.2444043281589009,0.1147368447806497,DRAW
0.2956376906521942,0.2869168148217461,0.4174454945260598,0.2595169101745524,0.3664566304903433,0.3740264593351043,HOME_TEAM
0.5634495520062329,0.2639145890144136,0.1726358589793533,0.0818386212886933,0.2643925624349679,0.6537688162763386,HOME_TEAM
0.0978906865196666,0.1796176047642863,0.7224917087160471,0.5898574780504505,0.2362535196700669,0.1738890022794824,AWAY_TEAM
0.4677713914378228,0.2815031427515042,0.250725465810673,0.3436014525519292,0.3456185691118291,0.3107799783362416,HOME_TEAM
0.3056555047927659,0.3017242442809618,0.3926202509262724,0.3535222736672155,0.3262206086673017,0.3202571176654828,AWAY_TEAM
0.3625778943916038,0.2856674319449,0.3517546736634962,0.3642881412276207,0.3435855906369492,0.2921262681354299,DRAW
0.6928135944999351,0.2066286159034894,0.1005577895965754,0.0643120430048696,0.1654725807596122,0.7702153762355181,HOME_TEAM
0.490446335527276,0.2721631777433053,0.2373904867294186,0.2466707327801598,0.2844864679436937,0.4688427992761465,DRAW
0.2816578370512969,0.2927534488139238,0.4255887141347791,0.481616159425056,0.3031256956254852,0.2152581449494587,AWAY_TEAM
0.4141323930215728,0.2911476217606208,0.2947199852178064,0.4241190933083157,0.2874264507003995,0.2884544559912846,HOME_TEAM
0.2130861927116101,0.2685960412331221,0.5183177660552679,0.5646002020150154,0.2827002257645175,0.1526995722204672,AWAY_TEAM
0.3462016362182444,0.2944331672510303,0.3593651965307252,0.2677419651437626,0.2835260105174484,0.4487320243387889,DRAW
0.4453785820474701,0.2876403342389911,0.2669810837135387,0.3632857854997338,0.2931413270091523,0.3435728874911137,DRAW
0.5034083129099154,0.2648065645991883,0.2317851224908963,0.2128652743934091,0.2920658194045366,0.4950689062020542,HOME_TEAM
0.3249243582145419,0.2997754140802894,0.3753002277051686,0.4312726991734518,0.2956240095068818,0.2731032913196665,AWAY_TEAM
0.4779425471798114,0.2793907471644595,0.242666705655729,0.3396215351934437,0.3055899992081615,0.3547884655983948,AWAY_TEAM
0.4621871829556983,0.2914693946567467,0.2463434223875549,0.1668802413077316,0.2536174196921852,0.5795023390000832,AWAY_TEAM
0.1483239359265539,0.2382848193707294,0.6133912447027166,0.5460370478428346,0.2331532074955903,0.2208097446615751,AWAY_TEAM
0.4926934927850148,0.2806675005338784,0.2266390066811068,0.2145690827447642,0.2778520211559612,0.5075788960992745,HOME_TEAM
0.4475067804057637,0.2874892043818846,0.2650040152123517,0.3586865097410848,0.3212013676106088,0.3201121226483064,HOME_TEAM
0.4544250142779995,0.2875219997746601,0.2580529859473404,0.3169940502557521,0.2998999950702924,0.3831059546739555,DRAW
0.4301582435205056,0.294389547909346,0.2754522085701483,0.1970848336553417,0.2414339553372552,0.5614812110074029,HOME_TEAM
0.4519019870704059,0.2756469598552623,0.2724510530743317,0.2023609826221284,0.3377810390742565,0.4598579783036151,AWAY_TEAM
0.2445706838175919,0.2909801810480387,0.4644491351343694,0.580461076768066,0.2510827826022369,0.168456140629697,HOME_TEAM
0.32224662692187,0.3059303420144336,0.3718230310636962,0.3381217425012345,0.325066606206998,0.3368116512917675,AWAY_TEAM
0.42555082582555,0.3103539462230922,0.2640952279513576,0.5662516836445609,0.261471119566849,0.1722771967885901,DRAW
0.6941746656392285,0.1719969314150672,0.1338284029457042,0.251294495388193,0.2095154903565242,0.5391900142552829,HOME_TEAM
0.4492302086180195,0.2883119249339528,0.2624578664480276,0.2023847591198423,0.3417096606995146,0.455905580180643,DRAW
0.1079406227587855,0.2307330265359789,0.6613263507052355,0.770189009447075,0.1567904763914201,0.0730205141615047,AWAY_TEAM
0.585732762804755,0.2398161435801105,0.1744510936151345,0.1605668715637258,0.2330301636822084,0.6064029647540656,HOME_TEAM
0.4313072439633638,0.2772689425478767,0.2914238134887594,0.2131032184512552,0.235946251886382,0.5509505296623627,HOME_TEAM
0.3836310228637193,0.2990606056828994,0.3173083714533813,0.3732024995883657,0.2405249845120311,0.3862725158996031,DRAW
0.5411403939477005,0.2496498209191711,0.2092097851331283,0.1135044722707012,0.2354912437684143,0.6510042839608843,HOME_TEAM
0.7481741446646148,0.1561722729154293,0.0956535824199557,0.0720074267043398,0.1642187962981977,0.7637737769974624,AWAY_TEAM
0.787538788425381,0.1403873492410462,0.0720738623335728,0.0824436403357765,0.178136043690178,0.7394203159740453,DRAW
0.5538529306167767,0.2681981239949433,0.1779489453882799,0.2026771018172203,0.3002880385873619,0.4970348595954177,HOME_TEAM
0.4751824817518248,0.275912408759124,0.2489051094890511,0.3242337949068685,0.3605484311928854,0.3152177739002461,HOME_TEAM
0.1205306964890452,0.1987743629073539,0.6806949406036008,0.715657064466017,0.2033914814141491,0.0809514541198339,AWAY_TEAM
0.4439892771349989,0.2878462591823235,0.2681644636826775,0.2617174185838027,0.2850147463299327,0.4532678350862645,HOME_TEAM
0.4455757735006241,0.2910727189121724,0.2633515075872036,0.233329635355026,0.3025004438461134,0.4641699207988605,HOME_TEAM
0.4101690473070371,0.287118333114926,0.3027126195780369,0.3254767421016857,0.3666573364719794,0.3078659214263349,AWAY_TEAM
0.336482291284174,0.2923189905531261,0.3711987181626999,0.3973923858332877,0.2725605194502463,0.330047094716466,HOME_TEAM
0.5533848197040371,0.2680702667688112,0.1785449135271516,0.2601410869452481,0.2798600102657934,0.4599989027889584,HOME_TEAM
0.1012016888600194,0.1690808704124715,0.7297174407275089,0.6010718629158369,0.2650470548311878,0.1338810822529752,AWAY_TEAM
0.2089045001482562,0.2275391738704011,0.5635563259813425,0.3182473547831417,0.2233694485744966,0.4583831966423617,DRAW
0.3613189764051293,0.266287136035561,0.3723938875593095,0.261895366350763,0.2115262685487886,0.5265783651004483,HOME_TEAM
0.5689637500427074,0.2580545970139055,0.1729816529433872,0.0872415614267298,0.2283080382366293,0.6844504003366407,DRAW
0.1495654884844706,0.2324928880402166,0.6179416234753128,0.5925482226239479,0.2510241655813597,0.1564276117946923,AWAY_TEAM
0.4752325509125939,0.2859806501066937,0.2387867989807122,0.1802927713804211,0.1989656761419427,0.6207415524776361,AWAY_TEAM
0.6019339769855732,0.2413846912784785,0.1566813317359482,0.1743003737152264,0.318021634753757,0.5076779915310166,DRAW
0.6474770860423076,0.2022517522438235,0.1502711617138688,0.0547743222117781,0.1508930162529235,0.7943326615352982,HOME_TEAM
0.577225436666395,0.2615054464455491,0.1612691168880558,0.2674674150057684,0.3292707095094147,0.4032618754848168,HOME_TEAM
0.7897408156584251,0.1397670796057356,0.0704921047358391,0.0876406039272559,0.1698673849869227,0.7424920110858214,DRAW
0.3125288505151949,0.2766799529560991,0.410791196528706,0.3596057112751385,0.1884814978384687,0.4519127908863928,AWAY_TEAM
0.5368133956614808,0.2817436766049386,0.1814429277335805,0.2189828410707089,0.1869871296139265,0.5940300293153644,HOME_TEAM
0.2637984352510296,0.2813341693862136,0.4548673953627566,0.4047816629603586,0.2746018018103352,0.3206165352293061,DRAW
0.3317555544615038,0.3830837723215855,0.2851606732169106,0.3782192662614295,0.3231907656191418,0.2985899681194286,HOME_TEAM
0.570601313272323,0.25308929217724,0.1763093945504369,0.161633106275396,0.279080864890227,0.5592860288343768,DRAW
0.3363625199557903,0.2853985017806705,0.3782389782635392,0.4694226708773096,0.2766340215563506,0.25394330756634,DRAW
0.4565217391304348,0.2826086956521739,0.2608695652173913,0.158568269323899,0.3015840767760346,0.5398476539000664,HOME_TEAM
0.4833880648476388,0.2846775192397173,0.2319344159126438,0.2620792943026214,0.2867749985375417,0.4511457071598368,DRAW
0.3498127974942184,0.2760630908999957,0.3741241116057857,0.3208545670941639,0.2430866004084736,0.4360588324973624,DRAW
0.5612554927809166,0.2548482946223059,0.1838962125967775,0.2508517774777941,0.2701039299034824,0.4790442926187235,AWAY_TEAM
0.475295581829496,0.2835096453018046,0.2411947728686995,0.1289107427846129,0.2608581561132195,0.6102311011021676,AWAY_TEAM
0.6685912340744224,0.228770976478477,0.1026377894471005,0.1479887569072348,0.2641110485956678,0.5879001944970973,DRAW
0.2323903715122758,0.2692880071005759,0.4983216213871482,0.5601467058754425,0.3036935391859019,0.1361597549386555,AWAY_TEAM
0.773667018298132,0.1682484424819467,0.0580845392199213,0.1277876732541064,0.2262163172153993,0.6459960095304943,HOME_TEAM
0.486349848331648,0.2891809908998988,0.2244691607684529,0.0905395315897723,0.2576731422666475,0.6517873261435801,HOME_TEAM
0.2913741588207614,0.2844572648428204,0.4241685763364181,0.4511935499035044,0.322823124022887,0.2259833260736085,AWAY_TEAM
0.3666583040642248,0.3063221274460612,0.327019568489714,0.258031944264847,0.2925247639667764,0.4494432917683765,DRAW
0.2708091815441688,0.2877347553906794,0.4414560630651519,0.3734038512156652,0.3497527522022888,0.2768433965820459,AWAY_TEAM
0.5168051486479995,0.2640507180250708,0.2191441333269295,0.4052035309380381,0.3019537706349952,0.2928426984269666,AWAY_TEAM
0.1873511510981741,0.2349827996824556,0.5776660492193701,0.4508252084419757,0.2915568374752089,0.2576179540828152,AWAY_TEAM
0.4491334262015712,0.3084239034358891,0.2424426703625397,0.1287584076381299,0.2288776484695563,0.6423639438923137,HOME_TEAM
0.1828210133914839,0.2697788593026195,0.5474001273058966,0.4920362363093348,0.2288887671368722,0.2790749965537929,DRAW
0.8295526183874777,0.114051300060323,0.0563960815521992,0.0644952847160159,0.1736595722571145,0.7618451430268695,HOME_TEAM
0.5305739628795234,0.2675162838048017,0.2019097533156748,0.4854732251704296,0.2762511661562213,0.2382756086733489,HOME_TEAM
0.4499978839561556,0.2741969613610393,0.275805154682805,0.0977974201620969,0.227495534637459,0.6747070452004441,HOME_TEAM
0.3825452531980555,0.2916317208022213,0.3258230259997231,0.6385635336391459,0.2709071660632259,0.0905293002976282,AWAY_TEAM
0.4943790794891406,0.2926231311617966,0.2129977893490628,0.2961951600567242,0.228356829716512,0.4754480102267636,AWAY_TEAM
0.1820953671550775,0.2695011433895146,0.5484034894554078,0.5421341546231813,0.2465751354448642,0.2112907099319545,HOME_TEAM
0.6455864889557472,0.2185958766215849,0.1358176344226677,0.0915922216589931,0.2392074365201999,0.6692003418208069,AWAY_TEAM
0.4142479013839522,0.295530515011722,0.2902215836043258,0.4537049208999911,0.3303701536532756,0.2159249254467332,AWAY_TEAM
0.1692418097926078,0.2197846127170971,0.6109735774902951,0.7027423919423635,0.1999365376747391,0.0973210703828974,AWAY_TEAM
0.4893117665715192,0.2727772491806745,0.2379109842478063,0.4439389523721048,0.3001255489653048,0.2559354986625903,HOME_TEAM
0.6335903452899766,0.2396915856520281,0.1267180690579953,0.1565161667030247,0.223197305957901,0.6202865273390742,DRAW
0.5505159824323475,0.2728644434664679,0.1766195741011846,0.1761669003217163,0.2075994771251756,0.616233622553108,AWAY_TEAM
0.6542686452110233,0.2243206783580651,0.1214106764309115,0.183832607550094,0.2667550990149125,0.5494122934349933,DRAW
0.3960497007755683,0.2949306282371253,0.3090196709873065,0.2117365665447574,0.3155318139861577,0.4727316194690849,DRAW
0.400992380074714,0.2829159066416349,0.3160917132836508,0.3744608825586283,0.250447337581041,0.3750917798603305,HOME_TEAM
0.4253445160999538,0.3026746243093715,0.2719808595906747,0.2155468173621554,0.2514404196698694,0.5330127629679751,DRAW
0.4948263882368406,0.2921071904752962,0.2130664212878631,0.1961148435878334,0.1872403073219331,0.6166448490902334,HOME_TEAM
0.3951408289265607,0.3100140265533145,0.2948451445201248,0.2556123817382346,0.3062306551969749,0.4381569630647905,HOME_TEAM
0.2678600582667281,0.2802825537225764,0.4518573880106955,0.7359685152797641,0.2030899086490261,0.0609415760712096,DRAW
0.7626699706651734,0.1565088213417131,0.0808212079931134,0.0450269239449479,0.1434096879238995,0.8115633881311525,HOME_TEAM
0.1895017170089004,0.2775247039035671,0.5329735790875324,0.7007685243754046,0.2123332742646398,0.0868982013599554,HOME_TEAM
0.4338451121976741,0.2738100275829701,0.2923448602193557,0.235433929073536,0.3397520761663309,0.424813994760133,DRAW
0.3363670730170602,0.2855563369117641,0.3780765900711756,0.3983862921081229,0.33114610080223,0.2704676070896469,DRAW
0.440173995724976,0.2864415852777455,0.2733844189972785,0.3043750731529938,0.2454009160862494,0.4502240107607568,HOME_TEAM
0.3677810239014921,0.329001392129566,0.3032175839689418,0.3115351315564574,0.2816284127097142,0.4068364557338285,AWAY_TEAM
0.1225434382768865,0.2343207863692405,0.6431357753538729,0.5512315780292363,0.2729007485390172,0.1758676734317464,HOME_TEAM
0.4588457731914878,0.2978967942873967,0.2432574325211154,0.1628570429853902,0.2707828935510313,0.5663600634635784,AWAY_TEAM
0.2313917356216487,0.2993673493502636,0.4692409150280877,0.5325856580652102,0.3160279652807791,0.1513863766540107,AWAY_TEAM
0.0859751562119706,0.1649079788093088,0.7491168649787205,0.6177028863254633,0.2134767120006601,0.1688204016738765,AWAY_TEAM
0.6944587638722113,0.2058204012329154,0.0997208348948733,0.1233893986724855,0.1897824277695125,0.686828173558002,HOME_TEAM
0.6634131833141209,0.2200970796406848,0.1164897370451943,0.1765279791144464,0.2247100398256462,0.5987619810599074,HOME_TEAM
0.5918048298843955,0.2310856954786687,0.1771094746369358,0.268324852543955,0.3061954739310706,0.4254796735249743,DRAW
0.8479506098931285,0.1024795924255866,0.0495697976812848,0.0515564591759346,0.138555932635237,0.8098876081888282,DRAW
0.2804638451288658,0.2891469363093261,0.4303892185618079,0.4816652442158511,0.2441842321570322,0.2741505236271166,AWAY_TEAM
0.7877168271685211,0.1470890989002948,0.065194073931184,0.1280933167374889,0.2185509640059797,0.6533557192565312,HOME_TEAM
0.2735249915159742,0.2840451834973578,0.4424298249866679,0.3960882416415449,0.3105269524977519,0.293384805860703,HOME_TEAM
0.412479970908099,0.2964305601327317,0.291089468959169,0.2309671677220217,0.2752774125901147,0.4937554196878636,HOME_TEAM
0.6292218301451274,0.2407736594943089,0.1300045103605635,0.1128864425342479,0.2453848607146438,0.6417286967511083,HOME_TEAM
0.4196054796305647,0.2892932188757309,0.2911013014937043,0.4329667672525752,0.3400064374069642,0.2270267953404604,AWAY_TEAM
0.3224803631850652,0.2854584483783205,0.3920611884366144,0.5571599519522576,0.2709097384094363,0.1719303096383059,HOME_TEAM
0.1263647781596549,0.2071055116883622,0.6665297101519828,0.7497318934338448,0.1867603268093569,0.0635077797567981,AWAY_TEAM
0.4638349133190174,0.2870685591578064,0.249096527523176,0.4516840283096222,0.2930695984489304,0.2552463732414473,HOME_TEAM
0.1360870216328808,0.2038446353450505,0.6600683430220684,0.6499687888646444,0.2391741652264203,0.1108570459089352,AWAY_TEAM
0.5385276425093096,0.2563735319392724,0.2050988255514179,0.1248366273190688,0.2100621520030517,0.6651012206778794,DRAW
0.5542700270446703,0.2505012589760328,0.1952287139792968,0.2443415916692685,0.279391274973105,0.4762671333576264,AWAY_TEAM
0.1234901402295213,0.2150763689520838,0.6614334908183949,0.5647083586674426,0.2487363906065501,0.1865552507260073,AWAY_TEAM
0.2458606511834648,0.2722524724969441,0.481886876319591,0.4266221946360227,0.3548668974787708,0.2185109078852065,AWAY_TEAM
0.3187427579323347,0.2825008700041683,0.3987563720634969,0.2865325899731917,0.2495446596799785,0.4639227503468298,HOME_TEAM
0.4436329230539394,0.2824371093976943,0.2739299675483662,0.384019407240242,0.3347717968103347,0.2812087959494234,AWAY_TEAM
0.5842432879927902,0.2400603609079286,0.1756963510992811,0.2422919238758215,0.3038622189850142,0.4538458571391644,DRAW
0.3712681806583312,0.297014544526665,0.3317172748150038,0.2996201259309349,0.2620922808957879,0.4382875931732772,AWAY_TEAM
0.5560609056753015,0.2560806802452046,0.1878584140794937,0.1975876750723165,0.2653168752893846,0.5370954496382989,HOME_TEAM
0.4072701089171193,0.315262243779697,0.2774676473031836,0.2898993779375066,0.3204423852102225,0.3896582368522708,DRAW
0.1943734015345268,0.2429667519181585,0.5626598465473145,0.6483570485134169,0.2136511790450365,0.1379917724415466,DRAW
0.4629928441139329,0.2902343201908236,0.2467728356952434,0.269826518042169,0.2596152221534754,0.4705582598043555,HOME_TEAM
0.6494998844550061,0.2280326470846873,0.1224674684603067,0.0663023038732593,0.2016871817349615,0.732010514391779,HOME_TEAM
0.3785362510252096,0.327554937755821,0.2939088112189694,0.2729313218716956,0.2913402959481193,0.435728382180185,HOME_TEAM
0.2990954773869346,0.3058492462311558,0.3950552763819095,0.4931965296288639,0.2832110043375092,0.2235924660336268,DRAW
0.1661761280092981,0.2384443704113761,0.5953795015793257,0.4342589777989438,0.2665498015806876,0.2991912206203687,AWAY_TEAM
0.3384887048651281,0.2898374231261036,0.3716738720087682,0.2951567234952588,0.3956848973670371,0.3091583791377041,HOME_TEAM
0.3702999052603786,0.29399568235824,0.3357044123813813,0.2472802227570732,0.4224012883193309,0.3303184889235959,HOME_TEAM
0.3571742750322033,0.3043843664582613,0.3384413585095353,0.3533555867677151,0.2901317585867882,0.3565126546454966,HOME_TEAM
0.4814675711837751,0.2846412056055022,0.2338912232107227,0.3347719365966891,0.2784893573332237,0.3867387060700871,HOME_TEAM
0.7874474311517665,0.1471976201089168,0.0653549487393166,0.0739055470981482,0.1798869351481084,0.7462075177537434,DRAW
0.4851068126415394,0.2784340877291675,0.236459099629293,0.1059825037202866,0.2726766730730812,0.6213408232066322,AWAY_TEAM
0.5209219330855019,0.2709392812887237,0.2081387856257744,0.2274192327856681,0.2053818908745969,0.5671988763397349,HOME_TEAM
0.4130170970368208,0.2881227054179019,0.2988601975452771,0.3625366403343422,0.3180304412719909,0.3194329183936668,DRAW
0.3509719222462203,0.2980561555075594,0.3509719222462203,0.2350363831486902,0.2634436440310259,0.5015199728202838,AWAY_TEAM
0.422679328590952,0.2855941409398325,0.2917265304692154,0.3615053409364805,0.2486248763538339,0.3898697827096855,AWAY_TEAM
0.4372267332916927,0.2973141786383511,0.2654590880699563,0.2778407012209406,0.3516698272108126,0.3704894715682467,DRAW
0.5736947447316784,0.2591899122203726,0.1671153430479489,0.0972586764230474,0.2090891577246825,0.69365216585227,HOME_TEAM
0.0902512878996421,0.1904125211372842,0.7193361909630736,0.6090900673409625,0.3128990689622208,0.0780108636968165,AWAY_TEAM
0.7333272077047511,0.1816119914015518,0.0850608008936969,0.0931942944199256,0.1691167244873957,0.7376889810926787,HOME_TEAM
0.1763572941856235,0.2386526568084059,0.5849900490059706,0.59250273207881,0.2444629160702121,0.163034351850978,AWAY_TEAM
0.6129717475596187,0.2448767541141479,0.1421514983262335,0.078612785049048,0.2243072019154786,0.6970800130354733,HOME_TEAM
0.6521221589852323,0.2219990328460365,0.1258788081687311,0.0834743475554605,0.1735496376832144,0.742976014761325,HOME_TEAM
0.1971829251017756,0.2577309428640056,0.5450861320342189,0.6179064191008015,0.2317724662481456,0.1503211146510529,AWAY_TEAM
0.1471692155130147,0.2631982781783482,0.5896325063086371,0.5777783649111026,0.2455532716117,0.1766683634771973,AWAY_TEAM
0.3730502163630874,0.287813223306833,0.3391365603300795,0.2211845610636632,0.2709228081106979,0.5078926308256388,DRAW
0.4791666666666666,0.2812499999999999,0.2395833333333333,0.2101528021458179,0.2999635761312331,0.4898836217229489,HOME_TEAM
0.7851266663285804,0.1482064377936945,0.066666895877725,0.0471927117549755,0.1810340535404334,0.771773234704591,HOME_TEAM
0.3552216708249938,0.3068845447317193,0.3378937844432867,0.3660924162574638,0.2679367823353222,0.365970801407214,HOME_TEAM
0.72087624263349,0.1853681766771831,0.0937555806893267,0.1561336362988351,0.183567412867453,0.6602989508337118,HOME_TEAM
0.3433335906739751,0.2981857484752566,0.3584806608507681,0.377745770169835,0.3168521973386332,0.3054020324915317,DRAW
0.2966928735535273,0.2661509600994878,0.4371561663469848,0.6519850707613213,0.2361828592899596,0.111832069948719,AWAY_TEAM
0.4121060928919148,0.2896592346205152,0.2982346724875699,0.4250900260843717,0.3050729772262862,0.2698369966893421,DRAW
0.1938654454735827,0.2626389414935408,0.5434956130328765,0.5446884957358437,0.2937204367499053,0.1615910675142511,AWAY_TEAM
0.6941489361702128,0.1861702127659574,0.1196808510638298,0.0985344196250765,0.1628750906309641,0.7385904897439595,HOME_TEAM
0.430645112917254,0.2905557388357377,0.2787991482470084,0.1341692786964715,0.2784362257513981,0.5873944955521304,HOME_TEAM
0.5540140522885718,0.2652361893392879,0.1807497583721402,0.1659982782257281,0.2227059524131995,0.6112957693610723,HOME_TEAM
0.7149491566389862,0.1914265490392417,0.093624294321772,0.0396643079765297,0.1256749952097314,0.8346606968137388,HOME_TEAM
0.2257460499510501,0.256719122767553,0.5175348272813969,0.5843739050180597,0.3104369234100144,0.1051891715719257,HOME_TEAM
0.2909584803154063,0.3045971590801909,0.4044443606044029,0.2811628929963108,0.3334283253220156,0.3854087816816736,AWAY_TEAM
0.6553238199780461,0.2354555433589461,0.1092206366630076,0.0483469200427691,0.169020169136764,0.7826329108204668,HOME_TEAM
0.1111372485258786,0.2009475197226974,0.6879152317514241,0.6871435330344862,0.240340820056376,0.072515646909138,AWAY_TEAM
0.1062733119290395,0.1728129526717297,0.7209137353992306,0.5925634036923725,0.2761618739506427,0.1312747223569847,AWAY_TEAM
0.1392476758585356,0.2504923755802308,0.6102599485612336,0.4894908404543766,0.2605691271664409,0.2499400323791824,AWAY_TEAM
0.4867630812855122,0.281273277509293,0.2319636412051947,0.1893493480348734,0.2796829407574291,0.5309677112076974,DRAW
0.4209094141838927,0.2913001128650721,0.2877904729510351,0.372324517200947,0.2791600583462279,0.348515424452825,DRAW
0.5120653001902783,0.2789058839653101,0.2090288158444116,0.1929246400361897,0.30851233065051,0.4985630293133001,DRAW
0.3741380875509648,0.2931508795749938,0.3327110328740413,0.1827382806454155,0.2593851837510214,0.557876535603563,DRAW
0.7460823656865587,0.1836062071806765,0.0703114271327647,0.0783307699129844,0.231147069948754,0.6905221601382615,HOME_TEAM
0.6477860549559805,0.2230083140012392,0.1292056310427803,0.184713321567876,0.2404162039918246,0.5748704744402995,HOME_TEAM
0.4605498557815181,0.2853091873866637,0.2541409568318181,0.1626441578587419,0.2789392829824737,0.5584165591587843,DRAW
0.4318909947118539,0.2836299069749488,0.2844790983131972,0.5466377194641366,0.2875490112350808,0.1658132693007825,AWAY_TEAM
0.499903864641415,0.2876369928859835,0.2124591424726014,0.2027111980532031,0.3080516567846503,0.4892371451621465,HOME_TEAM
0.2865402595167214,0.2900453391438373,0.4234144013394411,0.5024552153590593,0.3055977110630039,0.1919470735779367,AWAY_TEAM
0.3184439962645865,0.2801560084439177,0.4013999952914956,0.3924583191623192,0.2796049580335203,0.3279367228041604,AWAY_TEAM
0.3965067483270953,0.2930702052852444,0.3104230463876602,0.2299453117145428,0.3239626241060052,0.4460920641794519,AWAY_TEAM
0.4773972958339824,0.2776554005443933,0.2449473036216244,0.2153663099381521,0.296384112953413,0.4882495771084351,DRAW
0.2873670460906886,0.2750513155439448,0.4375816383653667,0.3819126740201157,0.3301497789855313,0.2879375469943529,AWAY_TEAM
0.5295191079139374,0.2497474142996149,0.2207334777864477,0.2520542268130132,0.2767905193085078,0.471155253878479,HOME_TEAM
0.0986209795575217,0.1810806067853193,0.720298413657159,0.482070474081595,0.2413565728616009,0.2765729530568039,AWAY_TEAM
0.7889161148708019,0.1506344685352016,0.0604494165939965,0.0794482882046676,0.2331839748260372,0.687367736969295,DRAW
0.3551955748715922,0.311655472145397,0.3331489529830106,0.1674300164173135,0.29828083812363,0.5342891454590565,HOME_TEAM
0.1646922854666281,0.2689973995954926,0.5663103149378792,0.5881732543804865,0.2634908326203871,0.1483359129991264,HOME_TEAM
0.5927886324176569,0.2379914952809805,0.1692198723013626,0.0809118657555377,0.1502386028375372,0.768849531406925,HOME_TEAM
0.1549703945117159,0.234894593133981,0.610135012354303,0.6421932845926975,0.2272348317884064,0.130571883618896,HOME_TEAM
0.3197704420710253,0.2838199189979515,0.3964096389310231,0.3267697119738836,0.3062431100351048,0.3669871779910116,AWAY_TEAM
0.7645806561488798,0.1675053027605319,0.0679140410905881,0.1292536235798174,0.1836814462179392,0.6870649302022434,DRAW
0.2147951418937065,0.2675837784608039,0.5176210796454895,0.6108113961105357,0.2199083495815165,0.1692802543079477,DRAW
0.7066506974106613,0.1677836144631899,0.1255656881261486,0.086927237395226,0.2369326829365489,0.6761400796682251,HOME_TEAM
0.139678258356613,0.2205953183700992,0.6397264232732877,0.4781073323814395,0.2877077250876076,0.2341849425309529,AWAY_TEAM
0.6909249323611685,0.1958086852845416,0.1132663823542899,0.0663988405519319,0.1966389816940364,0.7369621777540316,DRAW
0.16120901209752,0.2424165443760713,0.5963744435264086,0.6654783533961819,0.2286824295151,0.1058392170887182,DRAW
0.5768887155390288,0.2480768267839589,0.1750344576770123,0.2992631626279118,0.3583068751199509,0.3424299622521373,AWAY_TEAM
0.3816375863530651,0.2804541340634916,0.337908279583443,0.4223050183622241,0.3833170651596136,0.1943779164781622,AWAY_TEAM
0.446347257968719,0.2726192833102356,0.2810334587210453,0.4868478266489521,0.2582849005970299,0.2548672727540179,HOME_TEAM
0.294564830184103,0.2767381401729614,0.4286970296429356,0.4136152262670132,0.2568984790593072,0.3294862946736795,AWAY_TEAM
0.6100379550900109,0.2360000848158436,0.1539619600941456,0.1737180014782545,0.2059066859230947,0.6203753125986506,HOME_TEAM
0.2527394106004731,0.277361588137482,0.4698990012620447,0.6090400634052658,0.2652535419668615,0.1257063946278726,DRAW
0.2635326338331324,0.2887059003485361,0.4477614658183315,0.4537226588656386,0.2546606822651942,0.2916166588691671,HOME_TEAM
0.3607095232695007,0.2903007574661447,0.3489897192643545,0.371336868877621,0.3036493856392481,0.3250137454831309,HOME_TEAM
0.2667258182736381,0.2609743181491392,0.4722998635772227,0.4338370793947638,0.2550003993653683,0.3111625212398678,AWAY_TEAM
0.1544516077997073,0.2558240715105011,0.5897243206897915,0.532756600410149,0.2575076903433458,0.2097357092465051,AWAY_TEAM
0.3104575796434978,0.2813237305273923,0.4082186898291098,0.4895938206731927,0.2698319962122403,0.240574183114567,AWAY_TEAM
0.489867045307861,0.2726216599974183,0.2375112946947205,0.3770489588393017,0.3428660865057181,0.2800849546549803,HOME_TEAM
0.6654700172849355,0.2135354341178034,0.120994548597261,0.2240225604063783,0.2555266144190651,0.5204508251745565,DRAW
0.4468908966669198,0.2965606256168855,0.2565484777161947,0.3658066217108565,0.2674858071217164,0.3667075711674271,DRAW
0.3082999675359809,0.2833026728709014,0.4083973595931176,0.3369369816237507,0.3452152701154304,0.3178477482608189,DRAW
0.1749934731760857,0.2479447164694411,0.5770618103544731,0.4181412793666244,0.3116767385678468,0.2701819820655287,DRAW
0.4252873563218391,0.2835249042145594,0.2911877394636015,0.2529461164777268,0.276014070428671,0.4710398130936021,HOME_TEAM
0.4700610468892063,0.2857513962852318,0.2441875568255617,0.1019262751208925,0.161569257241635,0.7365044676374723,AWAY_TEAM
0.3767306435319984,0.3030483094658031,0.3202210470021986,0.5206266711768439,0.2849086795340748,0.1944646492890813,HOME_TEAM
0.7329336436327334,0.1631488043162239,0.1039175520510427,0.158874151680924,0.255816479944901,0.5853093683741749,AWAY_TEAM
0.5380385370227547,0.2721293178583298,0.1898321451189155,0.1696217982057863,0.279168898181092,0.5512093036131217,HOME_TEAM
0.7276398831010717,0.1901445785058356,0.0822155383930926,0.149859604170948,0.2397536243001954,0.6103867715288566,HOME_TEAM
0.5106989032764101,0.2639567365248861,0.2253443601987037,0.1837329709172342,0.1947662590856712,0.6215007699970945,HOME_TEAM
0.5366854989302685,0.2707458188633294,0.192568682206402,0.2277294707315752,0.2956907845101174,0.4765797447583075,AWAY_TEAM
0.8706075870328002,0.0881627936235747,0.0412296193436252,0.1214966024520158,0.1859692742803919,0.6925341232675923,HOME_TEAM
0.5451340788380031,0.2560260317497745,0.1988398894122224,0.1990056352925097,0.2438244709984028,0.5571698937090874,AWAY_TEAM
0.3408301219281066,0.2895002842883316,0.3696695937835618,0.2969050906683068,0.3057326778526432,0.39736223147905,HOME_TEAM
0.6127129858036691,0.2410925783738748,0.146194435822456,0.2162909726815826,0.1982830094717462,0.5854260178466711,HOME_TEAM
0.156032771981951,0.2148028248650206,0.6291644031530284,0.5266559685601773,0.268746039477599,0.2045979919622236,AWAY_TEAM
0.4482577940791197,0.2782289756353157,0.2735132302855646,0.3542529778642159,0.299680591118591,0.346066431017193,HOME_TEAM
0.1272069305844939,0.2078078736703586,0.6649851957451475,0.6932199040952018,0.1988431260257572,0.1079369698790409,AWAY_TEAM
0.1311921622314702,0.2190520613113158,0.6497557764572138,0.6260187739340983,0.2355824485122285,0.1383987775536731,DRAW
0.1846880590832577,0.2546907911551376,0.5606211497616048,0.6765556542606334,0.2049236390119477,0.1185207067274189,AWAY_TEAM
0.4501258796133152,0.2757181313870734,0.2741559889996113,0.1702682547566863,0.2378302548164678,0.5919014904268458,HOME_TEAM
0.3281449309990018,0.2998739830975494,0.3719810859034487,0.4079984894324892,0.3558683896131096,0.2361331209544011,DRAW
0.1764202112475021,0.2355124179274907,0.5880673708250072,0.6311054621295369,0.2315901383979547,0.1373043994725083,AWAY_TEAM
0.4824829582896713,0.2886017695290978,0.2289152721812308,0.0992232588684679,0.2236214575736511,0.6771552835578811,DRAW
0.4186046511627907,0.2930232558139535,0.2883720930232558,0.2663478157520651,0.3126517926914195,0.4210003915565153,HOME_TEAM
0.213269384492406,0.2721023181454836,0.5146282973621104,0.4926182928046201,0.2434837734457116,0.2638979337496681,AWAY_TEAM
0.5840992408428618,0.2460925735530838,0.1698081856040544,0.2313704182119851,0.2727279693488329,0.495901612439182,HOME_TEAM
0.7773724586534899,0.1583296159527976,0.0642979253937123,0.0363426397360705,0.1241154704576141,0.8395418898063154,HOME_TEAM
0.5985240281248183,0.2338892440002324,0.1675867278749491,0.1387089881758007,0.2014336345671076,0.6598573772570917,HOME_TEAM
0.7846556275729598,0.1577197241352683,0.0576246482917718,0.0660992864227909,0.1838262940682353,0.7500744195089737,HOME_TEAM
0.5760970164741781,0.2621565074966765,0.1617464760291453,0.1583115796555592,0.2605652652476323,0.5811231550968085,AWAY_TEAM
0.3094483606027291,0.2850675806764534,0.4054840587208174,0.4222163648965883,0.253987160561546,0.3237964745418656,HOME_TEAM
0.6496032029741904,0.2280689211410595,0.1223278758847501,0.0396880216232552,0.1230117219641024,0.8373002564126424,HOME_TEAM
0.3469380617633686,0.2851397195117686,0.3679222187248627,0.4694143559469506,0.3097877233468853,0.220797920706164,HOME_TEAM
0.4536691414742197,0.3000533245826326,0.2462775339431478,0.3229760237245454,0.1986851152192852,0.4783388610561693,DRAW
0.3723034961567071,0.2949417307215472,0.3327547731217455,0.3110676123072005,0.2504245039773949,0.4385078837154046,HOME_TEAM
0.4811154253441581,0.2866219555241792,0.2322626191316625,0.0931967422123491,0.2223535828551246,0.6844496749325263,DRAW
0.5447535455717544,0.270802340573242,0.1844441138550034,0.0786475932093196,0.2123455520549279,0.7090068547357525,HOME_TEAM
0.4173604456157163,0.2982974964063248,0.2843420579779587,0.4507828466287005,0.3031011317694922,0.2461160216018073,DRAW
0.6450259490172178,0.2410535118749912,0.1139205391077911,0.1566124969712179,0.2508733186326038,0.5925141843961782,HOME_TEAM
0.1818749603031778,0.2341530286028835,0.5839720110939386,0.4775477762423534,0.266223935965262,0.2562282877923846,AWAY_TEAM
0.6666060798836734,0.2147952924069613,0.1185986277093651,0.1451231597727896,0.2074622095188665,0.6474146307083439,DRAW
0.4848522016435668,0.2739277975387383,0.2412200008176949,0.3453550338998848,0.3301317696063687,0.3245131964937465,DRAW
0.1895369764157729,0.2485812177599534,0.5618818058242736,0.5461506171147634,0.2470185033551386,0.206830879530098,DRAW
0.0967394497209439,0.1591109370410262,0.7441496132380301,0.4842831001448625,0.2534265307569479,0.2622903690981895,AWAY_TEAM
0.5968603301196306,0.2346877997072333,0.1684518701731361,0.3179226761162116,0.2939678553510879,0.3881094685327004,AWAY_TEAM
0.4016975195726933,0.2901148752469451,0.3081876051803614,0.2320959117022811,0.3388332821044128,0.429070806193306,HOME_TEAM
0.6517495156064282,0.2148143022290245,0.1334361821645472,0.1061177098177977,0.2111965358586806,0.6826857543235216,HOME_TEAM
0.4850136239782016,0.2724795640326976,0.2425068119891008,0.115281292469728,0.1868171103762089,0.6979015971540631,HOME_TEAM
0.1967841124226522,0.2657141405029033,0.5375017470744444,0.6210822414907063,0.2269573208978105,0.1519604376114832,AWAY_TEAM
0.3530219619440748,0.3014939115982005,0.3454841264577245,0.3042089829003925,0.2537443231915449,0.4420466939080626,DRAW
0.369664084308252,0.2906094156760656,0.3397265000156823,0.3147772800904528,0.3389718498442022,0.346250870065345,HOME_TEAM
0.2635118325416904,0.2842106471824274,0.452277520275882,0.550540529496065,0.2692539578142618,0.1802055126896731,AWAY_TEAM
0.4169896258509895,0.2875361300644136,0.2954742440845969,0.0976621743564425,0.26693428170544,0.6354035439381175,HOME_TEAM
0.8043747786043217,0.129737867516826,0.0658873538788522,0.0630682789337123,0.1560235813753188,0.7809081396909688,HOME_TEAM
0.2782917437615643,0.2870430564584688,0.434665199779967,0.544987628568019,0.2801113335589138,0.1749010378730671,AWAY_TEAM
0.1812233495074253,0.2687104837523893,0.5500661667401853,0.4776396959176942,0.2251197886219584,0.2972405154603474,DRAW
0.662816890915614,0.1954975072195548,0.1416856018648311,0.1283279997141936,0.183487846214947,0.6881841540708593,HOME_TEAM
0.1405701446426063,0.2432944811122034,0.6161353742451903,0.580325068779803,0.2369727493578495,0.1827021818623475,HOME_TEAM
0.2334619139843462,0.2484274212910351,0.5181106647246186,0.5570061422171861,0.2720226929605995,0.1709711648222144,DRAW
0.4458000070816236,0.2902560793771318,0.2639439135412446,0.2283931365772559,0.2592319815023906,0.5123748819203534,AWAY_TEAM
0.3088963179095839,0.2883654448158954,0.4027382372745206,0.4144064369996051,0.2529687915671902,0.3326247714332045,AWAY_TEAM
0.7128820670791619,0.1775676943640403,0.1095502385567977,0.1316583321912689,0.2295157060528539,0.6388259617558771,AWAY_TEAM
0.3959603074944106,0.3170270435821261,0.2870126489234633,0.1801242891918972,0.3516130878122657,0.468262622995837,HOME_TEAM
0.2506256372230976,0.2854759477245343,0.4638984150523682,0.4154860996782899,0.329743747775446,0.254770152546264,DRAW
0.4086037891111627,0.297052447912103,0.2943437629767342,0.2751085281346896,0.2240426543102943,0.5008488175550161,HOME_TEAM
0.0806307621212521,0.1230571656895226,0.7963120721892253,0.6402061286726279,0.2102642572248661,0.1495296141025059,DRAW
0.4367327404868167,0.2951618827143317,0.2681053767988514,0.1872026801185925,0.347405561464276,0.4653917584171314,HOME_TEAM
0.4083603614590995,0.3053041188195791,0.2863355197213213,0.1061919921280343,0.1978319630875438,0.6959760447844218,HOME_TEAM
0.4457090699103999,0.2843544511297803,0.2699364789598197,0.3188328333593913,0.2864899478757165,0.3946772187648922,DRAW
0.5969822394498829,0.2445086831789414,0.1585090773711758,0.1337961306458132,0.2365492345828178,0.629654634771369,HOME_TEAM
0.5997301039275137,0.2337930913615731,0.1664768047109133,0.1802475966574323,0.2169363615266123,0.6028160418159553,HOME_TEAM
0.2886866059817946,0.2886866059817946,0.4226267880364109,0.556139444330625,0.2674787734966715,0.1763817821727035,AWAY_TEAM
0.4053503599044384,0.2817244436872489,0.3129251964083124,0.3484878380803577,0.2873944124094194,0.3641177495102228,AWAY_TEAM
0.7343033742309419,0.1753773107386521,0.0903193150304058,0.05327145141312,0.1464378070893093,0.8002907414975706,HOME_TEAM
0.7003081374593692,0.189495143077241,0.1101967194633899,0.09488443786796,0.2186154467813292,0.6865001153507108,HOME_TEAM
0.3056942304141909,0.268227528079304,0.4260782415065051,0.4953359400290356,0.2722529396240191,0.2324111203469454,HOME_TEAM
